6.296000000000000485e-01 2.480999999999999872e-01 8.279999999999999860e-02 2.879999999999999921e-02 7.900000000000000772e-03 1.899999999999999996e-03 5.000000000000000104e-04 4.000000000000000192e-04 0.000000000000000000e+00 0.000000000000000000e+00
6.300999999999999934e-01 2.501999999999999780e-01 8.309999999999999332e-02 2.440000000000000155e-02 7.900000000000000772e-03 3.500000000000000073e-03 6.999999999999999929e-04 1.000000000000000048e-04 0.000000000000000000e+00 0.000000000000000000e+00
6.409000000000000252e-01 2.434000000000000052e-01 7.820000000000000562e-02 2.580000000000000002e-02 7.499999999999999722e-03 2.500000000000000052e-03 1.199999999999999895e-03 5.000000000000000104e-04 0.000000000000000000e+00 0.000000000000000000e+00
6.337000000000000410e-01 2.505000000000000004e-01 8.019999999999999352e-02 2.510000000000000078e-02 8.099999999999999561e-03 1.399999999999999986e-03 6.999999999999999929e-04 2.000000000000000096e-04 1.000000000000000048e-04 0.000000000000000000e+00
6.336000000000000520e-01 2.530999999999999917e-01 7.939999999999999836e-02 2.369999999999999885e-02 7.100000000000000408e-03 1.899999999999999996e-03 5.999999999999999474e-04 5.000000000000000104e-04 1.000000000000000048e-04 0.000000000000000000e+00
6.371999999999999886e-01 2.414999999999999925e-01 8.169999999999999485e-02 2.740000000000000074e-02 8.300000000000000086e-03 3.000000000000000062e-03 5.000000000000000104e-04 2.999999999999999737e-04 1.000000000000000048e-04 0.000000000000000000e+00
6.257000000000000339e-01 2.540999999999999925e-01 8.290000000000000147e-02 2.599999999999999881e-02 8.200000000000000691e-03 2.299999999999999961e-03 8.000000000000000383e-04 0.000000000000000000e+00 0.000000000000000000e+00 0.000000000000000000e+00
6.299000000000000155e-01 2.541999999999999815e-01 7.950000000000000122e-02 2.520000000000000018e-02 8.200000000000000691e-03 1.699999999999999905e-03 8.999999999999999754e-04 1.000000000000000048e-04 2.000000000000000096e-04 1.000000000000000048e-04
6.369000000000000217e-01 2.482000000000000040e-01 7.799999999999999989e-02 2.369999999999999885e-02 8.500000000000000611e-03 3.299999999999999982e-03 5.000000000000000104e-04 5.999999999999999474e-04 2.000000000000000096e-04 1.000000000000000048e-04
6.372637263726372847e-01 2.447244724472447119e-01 8.080808080808081495e-02 2.430243024302430194e-02 7.900790079007900465e-03 3.100310031003100479e-03 1.100110011001100051e-03 7.000700070007000522e-04 0.000000000000000000e+00 1.000100010001000133e-04
