4.689067201604814605e-01 2.522567703109327986e-01 1.270812437311935883e-01 7.251755265797392436e-02 3.871614844533600996e-02 1.925777331995988037e-02 9.829488465396189409e-03 6.318956870611835801e-03 3.510531594784353174e-03 1.604814443329989886e-03
4.710420841683366500e-01 2.459919839679358677e-01 1.292585170340681266e-01 6.923847695390782098e-02 4.208416833667334711e-02 1.963927855711422935e-02 1.142284569138276619e-02 6.012024048096192320e-03 3.406813627254509039e-03 1.903807615230460959e-03
4.700991685865972269e-01 2.415105679655414339e-01 1.329259741560653019e-01 7.142141640789341495e-02 4.237203245517379840e-02 2.183712310928578523e-02 9.616347791245117085e-03 5.709706501051787890e-03 3.606130421716918690e-03 9.015326054292296725e-04
4.619009424503709438e-01 2.495488269500701906e-01 1.343493082013234308e-01 7.078403850010026033e-02 3.880088229396430610e-02 2.185682775215560397e-02 1.193102065369961926e-02 6.316422699017444978e-03 3.208341688389813439e-03 1.303388810908361669e-03
4.676417551592867428e-01 2.450410739330795562e-01 1.359447004608294873e-01 6.922460428771788632e-02 4.247645762372270067e-02 1.973552394309757707e-02 1.031857343217791947e-02 5.309557202965337584e-03 3.406131035864556292e-03 9.016229212582649137e-04
4.634952428642964417e-01 2.552829243865798459e-01 1.340010015022533862e-01 6.920380570856284053e-02 3.575363044566850362e-02 2.063094641962944301e-02 1.051577366049073585e-02 6.309464196294441510e-03 2.904356534802203255e-03 1.902854281422133257e-03
4.698396793587174547e-01 2.503006012024048266e-01 1.310621242484970028e-01 6.643286573146292562e-02 3.797595190380761293e-02 2.264529058116232507e-02 1.082164328657314600e-02 6.012024048096192320e-03 3.607214428857715479e-03 1.302605210420841641e-03
4.611222444889779282e-01 2.561122244488978072e-01 1.334669338677354766e-01 6.783567134268536636e-02 3.717434869739479064e-02 2.004008016032064049e-02 1.102204408817635331e-02 7.414829659318637398e-03 3.607214428857715479e-03 2.204408817635270402e-03
4.641532136769276895e-01 2.488719542765466808e-01 1.298505966108493004e-01 7.560413115411611373e-02 3.599719241953273918e-02 2.205956081419833612e-02 1.273438283365085737e-02 6.016243858417727637e-03 3.609746315050636669e-03 1.102978040709916676e-03
4.717264888710647752e-01 2.458391818728694611e-01 1.328453980348907049e-01 6.867856426709444129e-02 3.839983958291558197e-02 1.975135351914978840e-02 1.243232404251052789e-02 5.614597954682173410e-03 3.609384399438540173e-03 1.102867455383998302e-03
