5.644822411205603352e-01 2.504252126063031270e-01 1.077538769384692313e-01 4.522261130565282533e-02 1.860930465232616196e-02 7.703851925962981913e-03 3.401700850425212579e-03 1.500750375187593797e-03 8.004002001000500759e-04 1.000500250125062595e-04
5.635563556355636106e-01 2.522252225222522126e-01 1.046104610461046081e-01 4.670467046704670361e-02 2.000200020002000298e-02 8.100810081008101224e-03 3.400340034003400316e-03 9.000900090009000517e-04 3.000300030003000534e-04 2.000200020002000265e-04
5.607999999999999652e-01 2.566999999999999837e-01 1.064999999999999974e-01 4.299999999999999656e-02 1.880000000000000074e-02 7.700000000000000247e-03 3.700000000000000164e-03 1.500000000000000031e-03 8.999999999999999754e-04 4.000000000000000192e-04
5.591559155915591939e-01 2.571257125712571034e-01 1.084108410841084086e-01 4.260426042604260194e-02 1.840184018401840038e-02 7.800780078007800954e-03 3.700370037003700586e-03 1.900190019001900266e-03 4.000400040004000531e-04 5.000500050005000528e-04
5.666566656665666946e-01 2.559255925592558989e-01 1.023102310231023132e-01 4.270427042704270232e-02 2.160216021602160211e-02 6.800680068006800631e-03 1.700170017001700158e-03 1.500150015001500050e-03 6.000600060006001067e-04 2.000200020002000265e-04
5.628125625125024456e-01 2.547509501900380169e-01 1.027205441088217680e-01 4.540908181636327257e-02 2.050410082016403124e-02 8.601720344068813570e-03 4.000800160032006413e-03 8.001600320064012825e-04 3.000600120024004809e-04 1.000200040008001603e-04
5.628125625125024456e-01 2.611522304460892063e-01 1.028205641128225600e-01 4.360872174434887033e-02 1.670334066813362536e-02 8.401680336067213900e-03 2.800560112022404489e-03 1.400280056011202244e-03 1.000200040008001603e-04 2.000400080016003206e-04
5.731573157315731359e-01 2.425242524252425314e-01 1.081108110811081074e-01 4.470447044704470296e-02 1.760176017601760082e-02 8.400840084008400627e-03 3.400340034003400316e-03 1.100110011001100051e-03 8.000800080008001062e-04 2.000200020002000265e-04
5.639999999999999458e-01 2.497999999999999943e-01 1.064999999999999974e-01 4.599999999999999922e-02 1.959999999999999937e-02 8.300000000000000086e-03 3.599999999999999901e-03 1.299999999999999940e-03 5.999999999999999474e-04 2.999999999999999737e-04
5.631000000000000449e-01 2.540999999999999925e-01 1.074999999999999983e-01 4.240000000000000019e-02 1.949999999999999997e-02 8.800000000000000530e-03 2.799999999999999972e-03 1.299999999999999940e-03 4.000000000000000192e-04 1.000000000000000048e-04
