[ 3.25  3.75  4.25  4.75  5.25  5.75  6.25  6.75  7.25  7.75  8.25  8.75
  9.25  9.75 10.25 10.75 11.25 11.75 12.25 12.75 13.25 13.75 14.25 14.75
 15.25 15.75 16.25 16.75 17.25 17.75 18.25 18.75 19.25 19.75 20.25 20.75
 21.25 21.75 22.25 22.75 23.25 23.75 24.25 24.75] [ 3.0353854   3.52069012  4.00836691  4.49814496  4.98980988  5.48318768
  5.97813424  6.47452817  6.97226583  7.47125768  7.97142555  8.47270059
  8.97502172  9.47833434  9.98258937 10.48774245 10.99375325 11.500585
 12.00820398 12.5165792  13.02568204 13.53548603 14.04596656 14.55710073
 15.06886718 15.58124592 16.09421819 16.60776638 17.12187392 17.63652517
 18.15170537 18.66740053 19.18359742 19.70028346 20.21744673 20.73507586
 21.25316003 21.77168891 22.29065265 22.81004183 23.32984742 23.85006081
 24.37067371 24.89167817]
[ 3.25  3.75  4.25  4.75  5.25  5.75  6.25  6.75  7.25  7.75  8.25  8.75
  9.25  9.75 10.25 10.75 11.25 11.75 12.25 12.75 13.25 13.75] [ 3.9623202   4.96372221  6.04503576  7.20210207  8.43141017  9.72994181
 11.09506414 12.52445273 14.01603475 15.5679458  17.17849658 18.84614663
 20.5694833  22.34720467 24.17810556 26.06106588 27.99504091 29.97905303
 32.01218473 34.09357254 36.22240187 38.39790245]
[3.25 3.75 4.25 4.75 5.25 5.75 6.25 6.75 7.25 7.75 8.25] [ 5.74244194  7.64560412  9.82073706 12.26785139 14.98695657 17.97806111
 21.24117272 24.7762985  28.58344498 32.66261822 37.01382388]
[3.25 3.75 4.25 4.75 5.25 5.75] [ 8.25132331 11.84734664 16.25647593 21.53431116 27.73342926 34.90384508]
