5.545891015625000000e+04
5.495003125000000000e+04
5.465851953125000000e+04
5.363302343750000000e+04
5.302627734375000000e+04
5.132082031250000000e+04
4.969192578125000000e+04
4.839234375000000000e+04
4.633267578125000000e+04
4.327917968750000000e+04
3.998171484375000000e+04
3.602420703125000000e+04
3.154896679687500000e+04
2.724886132812500000e+04
2.346595898437500000e+04
2.025108203125000000e+04
1.753571484375000000e+04
1.532710937500000000e+04
1.370155664062500000e+04
1.275026757812500000e+04
1.237647167968750000e+04
1.229052246093750000e+04
1.227399316406250000e+04
1.226362304687500000e+04
1.225110937500000000e+04
1.223521777343750000e+04
1.221505468750000000e+04
1.218946972656250000e+04
1.215716503906250000e+04
1.211649609375000000e+04
1.206547851562500000e+04
1.200173730468750000e+04
1.192246679687500000e+04
1.182405175781250000e+04
1.170201171875000000e+04
1.155007714843750000e+04
1.135880175781250000e+04
1.111205078125000000e+04
1.077884082031250000e+04
1.029800292968750000e+04
9.610429687500000000e+03
8.858446289062500000e+03
8.192084960937500000e+03
7.659122070312500000e+03
7.259807617187500000e+03
6.946788085937500000e+03
6.777401855468750000e+03
6.506964355468750000e+03
6.383594238281250000e+03
6.031106445312500000e+03
5.811437500000000000e+03
5.593831542968750000e+03
5.469021484375000000e+03
5.379687500000000000e+03
5.304168945312500000e+03
5.236257324218750000e+03
5.173811035156250000e+03
5.115362304687500000e+03
5.059973632812500000e+03
5.007303710937500000e+03
4.957460937500000000e+03
4.910713867187500000e+03
4.867212402343750000e+03
4.826971191406250000e+03
4.790143066406250000e+03
4.758316894531250000e+03
4.729713378906250000e+03
4.703593261718750000e+03
4.679698242187500000e+03
4.657759277343750000e+03
4.637610351562500000e+03
4.619020996093750000e+03
4.601814941406250000e+03
4.585842285156250000e+03
4.570979980468750000e+03
4.557115722656250000e+03
4.544146484375000000e+03
4.532030273437500000e+03
4.520602539062500000e+03
4.509864257812500000e+03
4.499687988281250000e+03
4.490093261718750000e+03
4.480996093750000000e+03
4.472304687500000000e+03
4.464052246093750000e+03
4.456178222656250000e+03
4.448659179687500000e+03
4.441458496093750000e+03
4.434552734375000000e+03
4.427971679687500000e+03
4.421604980468750000e+03
4.415467773437500000e+03
4.409560058593750000e+03
4.403902832031250000e+03
4.398403808593750000e+03
4.393125488281250000e+03
4.388019531250000000e+03
4.383035644531250000e+03
4.378249511718750000e+03
4.373607910156250000e+03