2.186245781250000000e+05
2.090050312500000000e+05
1.919613750000000000e+05
1.686318906250000000e+05
1.351471250000000000e+05
9.966837500000000000e+04
7.167932812500000000e+04
5.451622656250000000e+04
4.392938671875000000e+04
3.737101171875000000e+04
3.306638671875000000e+04
3.015275976562500000e+04
2.819433007812500000e+04
2.691569726562500000e+04
2.613099023437500000e+04
2.568767968750000000e+04
2.546092773437500000e+04
2.535494921875000000e+04
2.530806054687500000e+04
2.528626953125000000e+04
2.527354882812500000e+04
2.526334179687500000e+04
2.525294921875000000e+04
2.524121679687500000e+04
2.522753710937500000e+04
2.521141992187500000e+04
2.519240625000000000e+04
2.517000000000000000e+04
2.514356054687500000e+04
2.511241406250000000e+04
2.507579296875000000e+04
2.503278710937500000e+04
2.498232812500000000e+04
2.492329882812500000e+04
2.485434765625000000e+04
2.477411914062500000e+04
2.468100000000000000e+04
2.457333203125000000e+04
2.444938867187500000e+04
2.430742968750000000e+04
2.414572851562500000e+04
2.396272851562500000e+04
2.375716601562500000e+04
2.352806445312500000e+04
2.327498828125000000e+04
2.299811132812500000e+04
2.269819140625000000e+04
2.237690625000000000e+04
2.203664648437500000e+04
2.168047460937500000e+04
2.131216796875000000e+04
2.093602148437500000e+04
2.055657226562500000e+04
2.017854687500000000e+04
1.980643359375000000e+04
1.944451367187500000e+04
1.909647656250000000e+04
1.876543945312500000e+04
1.845381250000000000e+04
1.816329101562500000e+04
1.789523242187500000e+04
1.765225976562500000e+04
1.744069921875000000e+04
1.726418945312500000e+04
1.711680078125000000e+04
1.699027343750000000e+04
1.687916015625000000e+04
1.678017382812500000e+04
1.669121289062500000e+04
1.661077148437500000e+04
1.653787109375000000e+04
1.647761132812500000e+04
1.643955859375000000e+04
1.640527734375000000e+04
1.637440722656250000e+04
1.634590820312500000e+04
1.631968554687500000e+04
1.629536132812500000e+04
1.627240332031250000e+04
1.625083691406250000e+04
1.623055273437500000e+04
1.621105957031250000e+04
1.619258691406250000e+04
1.617510546875000000e+04
1.615814062500000000e+04
1.614199707031250000e+04
1.612663769531250000e+04
1.611158691406250000e+04
1.609767480468750000e+04
1.608353222656250000e+04
1.607043554687500000e+04
1.605797070312500000e+04
1.604555957031250000e+04
1.603372167968750000e+04
1.602235253906250000e+04
1.601149023437500000e+04
1.600056542968750000e+04
1.599059765625000000e+04
1.598051953125000000e+04
1.597087207031250000e+04