4.305582551751285791e-04
4.306143673602491617e-04
4.306953051127493382e-04
4.307762428652495146e-04
4.309029318392276764e-04
4.311641096137464046e-04
4.313427489250898361e-04
4.315048863645642996e-04
4.316891427151858807e-04
4.318744176998734474e-04
4.320669395383447409e-04
4.322880413383245468e-04
4.325034969951957464e-04
4.326797788962721825e-04
4.328883951529860497e-04
4.330561787355691195e-04
4.332192183937877417e-04
4.334083641879260540e-04
4.336135170888155699e-04
4.338180588092654943e-04
4.340765008237212896e-04
4.343510081525892019e-04
4.346225759945809841e-04
4.349046212155371904e-04
4.351976967882364988e-04
4.355048586148768663e-04
4.358488949947059155e-04
4.361913597676903009e-04
4.365658678580075502e-04
4.370215174276381731e-04
4.375151474960148335e-04
4.379422753117978573e-04
4.383118066471070051e-04
4.386113432701677084e-04
4.389520327094942331e-04
4.393047711346298456e-04
4.396715085022151470e-04
4.400410398375242949e-04
4.404050123412162066e-04
4.407875530887395144e-04
4.412109556142240763e-04
4.416290030349045992e-04
4.420555778779089451e-04
4.424953658599406481e-04
4.429182154126465321e-04
4.433463909663259983e-04
4.437709285411983728e-04
4.441752971615642309e-04
4.445748345460742712e-04
4.449689877219498158e-04
4.453631991054862738e-04
4.457447503227740526e-04
4.461300559341907501e-04
4.465254896786063910e-04
4.468992119655013084e-04
4.472878936212509871e-04
4.476676404010504484e-04
4.480484640225768089e-04
4.484243690967559814e-04
4.487883124966174364e-04
4.491514991968870163e-04
4.495219618547707796e-04
4.498842754401266575e-04
4.502365482039749622e-04
4.505816614255309105e-04
4.509176651481539011e-04
4.512411251198500395e-04
4.515728505793958902e-04
4.518689820542931557e-04
4.521416558418422937e-04
4.524085088633000851e-04
4.526700940914452076e-04
4.529211437329649925e-04
4.531569720711559057e-04
4.533966712187975645e-04
4.536034830380231142e-04
4.538042412605136633e-04
4.539897490758448839e-04
4.541627713479101658e-04
4.543472023215144873e-04
4.544918192550539970e-04
4.546659183688461781e-04
4.548146680463105440e-04
4.549621080514043570e-04
4.550915327854454517e-04
4.552164464257657528e-04
4.553297476377338171e-04
4.554275656118988991e-04
4.554952902253717184e-04
4.555961058940738440e-04
4.556823696475476027e-04
4.557965148705989122e-04
4.559003282338380814e-04
4.559677909128367901e-04
4.560349334497004747e-04
4.561016103252768517e-04
4.561170353554189205e-04
4.561707610264420509e-04
4.562327812891453505e-04
4.562248068396002054e-04
