4.622946653398685157e-05
4.622946289600804448e-05
4.622946289600804448e-05
4.622946289600804448e-05
4.622946653398685157e-05
4.622946289600804448e-05
4.622946289600804448e-05
4.622946289600804448e-05
4.622946653398685157e-05
4.622946289600804448e-05
4.622946289600804448e-05
4.622946289600804448e-05
4.622946289600804448e-05
4.622946289600804448e-05
4.622946289600804448e-05
4.622946289600804448e-05
4.622946289600804448e-05
4.622980850399471819e-05
4.623110726242884994e-05
4.623904169420711696e-05
4.626673035090789199e-05
4.635629738913848996e-05
4.654080476029776037e-05
4.697926488006487489e-05
4.807629375136457384e-05
5.064616198069415987e-05
5.535499803954735398e-05
6.369248148985207081e-05
7.750405347906053066e-05
1.056796536431647837e-04
1.514069153927266598e-04
2.100913407048210502e-04
2.846772258635610342e-04
3.805755986832082272e-04
5.106197786517441273e-04
6.883614114485681057e-04
9.289436857216060162e-04
1.274472568184137344e-03
1.720947446301579475e-03
2.337085315957665443e-03
3.214821452274918556e-03
4.376425873488187790e-03
5.969262681901454926e-03
8.214401081204414368e-03
1.114207040518522263e-02
1.517519820481538773e-02
2.053121291100978851e-02
2.698790654540061951e-02
3.570493683218955994e-02
4.632931575179100037e-02
6.037795171141624451e-02
7.631841301918029785e-02
9.624616801738739014e-02
1.213629692792892456e-01
1.490741968154907227e-01
1.818759590387344360e-01
2.205874323844909668e-01
2.626248002052307129e-01
3.075594007968902588e-01
3.547465503215789795e-01
4.041849672794342041e-01
4.533987343311309814e-01
5.028486251831054688e-01
5.498027801513671875e-01
5.942143201828002930e-01
6.349477171897888184e-01
6.724582910537719727e-01
7.084804773330688477e-01
7.368515729904174805e-01
7.605555653572082520e-01
7.814361453056335449e-01
8.007782101631164551e-01
8.165144920349121094e-01
8.283212184906005859e-01
8.382140994071960449e-01
8.457227349281311035e-01
8.507648706436157227e-01
8.542738556861877441e-01
8.560333847999572754e-01
8.584824800491333008e-01
8.580861091613769531e-01
8.581603765487670898e-01
8.567392230033874512e-01
8.544049859046936035e-01
8.519536852836608887e-01
8.470226526260375977e-01
8.425455689430236816e-01
8.366097807884216309e-01
8.285185098648071289e-01
8.235056996345520020e-01
8.188900351524353027e-01
8.144376277923583984e-01
8.098467588424682617e-01
8.045688271522521973e-01
7.986692190170288086e-01
7.925000786781311035e-01
7.826752066612243652e-01
7.790836095809936523e-01
7.727094888687133789e-01
7.640042901039123535e-01
