8.762828611682994540e-01
5.436190308169598362e-01
3.032124201325703261e-01
1.536975376753160760e-01
7.155033055809789655e-02
3.120142516952001746e-02
1.296799350318187695e-02
4.901645856171996628e-03
1.724737521059583776e-03
5.870738587132462568e-04
1.790857166412469120e-04
5.289374703102862614e-05
1.642352976147222704e-05
4.411917421870591095e-06
1.557548040769714196e-06
4.696095384001996677e-07
7.980965374251745581e-08
2.042077746385950783e-08
1.122402524775537044e-09
2.127520612592918438e-10
7.739647746613787325e-11
2.630305249727625915e-11
2.243365608724014464e-12
1.452671064115293719e-13
8.059297746807723515e-16
2.471950229279707166e-17
9.443801303591752794e-18
7.399993558784583074e-19
0.000000000000000000e+00
0.000000000000000000e+00
0.000000000000000000e+00
0.000000000000000000e+00
0.000000000000000000e+00
0.000000000000000000e+00
0.000000000000000000e+00
0.000000000000000000e+00
0.000000000000000000e+00
0.000000000000000000e+00
0.000000000000000000e+00
0.000000000000000000e+00
0.000000000000000000e+00
0.000000000000000000e+00
0.000000000000000000e+00
0.000000000000000000e+00
0.000000000000000000e+00
0.000000000000000000e+00
0.000000000000000000e+00
0.000000000000000000e+00
0.000000000000000000e+00
0.000000000000000000e+00
