9.385988280896392366e-01
5.814632968067312557e-01
2.993087758656782227e-01
1.248785487340316191e-01
4.169060792259937642e-02
1.118233376203035812e-02
2.434484929013707322e-03
3.895721926706879196e-04
4.771749244113194328e-05
5.430277211634399665e-06
3.805163469571452735e-07
2.234499037486921686e-08
1.021382402486240206e-09
4.237655874021553803e-11
2.846368310979664201e-12
9.918618867864467979e-15
1.556758530374014399e-19
0.000000000000000000e+00
0.000000000000000000e+00
0.000000000000000000e+00
0.000000000000000000e+00
0.000000000000000000e+00
0.000000000000000000e+00
0.000000000000000000e+00
0.000000000000000000e+00
0.000000000000000000e+00
0.000000000000000000e+00
0.000000000000000000e+00
0.000000000000000000e+00
0.000000000000000000e+00
0.000000000000000000e+00
0.000000000000000000e+00
0.000000000000000000e+00
0.000000000000000000e+00
0.000000000000000000e+00
0.000000000000000000e+00
0.000000000000000000e+00
0.000000000000000000e+00
0.000000000000000000e+00
0.000000000000000000e+00
0.000000000000000000e+00
0.000000000000000000e+00
0.000000000000000000e+00
0.000000000000000000e+00
0.000000000000000000e+00
0.000000000000000000e+00
0.000000000000000000e+00
0.000000000000000000e+00
0.000000000000000000e+00
0.000000000000000000e+00
