0.000000000000000000e+00
0.000000000000000000e+00
0.000000000000000000e+00
0.000000000000000000e+00
0.000000000000000000e+00
0.000000000000000000e+00
0.000000000000000000e+00
0.000000000000000000e+00
0.000000000000000000e+00
0.000000000000000000e+00
0.000000000000000000e+00
4.940656458412465442e-324
4.940656458412465442e-324
2.013586871393192315e-316
1.137634055250229725e-310
1.918122776394222294e-268
1.131838621779463718e-257
5.503026029541779017e-230
1.362410123741573790e-223
3.358530752855229188e-210
2.165446118835665912e-187
6.127873497497269665e-131
4.233830759476738864e-110
8.175238901791318577e-84
4.148292001630360821e-78
2.047093050798103385e-76
4.680752472163389848e-54
7.729363789720708533e-48
3.931096438274106385e-45
3.606827642273388162e-36
2.721559135441692814e-34
1.949861778101043033e-30
1.446915010817442484e-25
1.580575947136282855e-19
9.902195525449037646e-15
2.796684848384634734e-12
3.783206115554310138e-11
6.719508703694956747e-10
9.546542496991799679e-09
1.345651409407621912e-07
2.555721298001378455e-06
2.441539671536251157e-05
1.941288924820837693e-04
1.256841183416814584e-03
5.699501007350165661e-03
2.075608487319757431e-02
6.258300173145038559e-02
1.491138732279346235e-01
2.917734110039875706e-01
4.708430355404418233e-01
4.677557925491957480e-01
2.896898858027419643e-01
1.501949026377436269e-01
6.229554700258108091e-02
2.093452304940243355e-02
5.482832754680945324e-03
1.177643745597592049e-03
1.954433001892091622e-04
2.330209572624647389e-05
2.874555913952969694e-06
2.459512061908837809e-07
1.279844797611845072e-08
3.494315695327588274e-10
4.544507231617734498e-12
4.968595498565896015e-14
1.708110054160370264e-17
0.000000000000000000e+00
0.000000000000000000e+00
0.000000000000000000e+00
0.000000000000000000e+00
0.000000000000000000e+00
0.000000000000000000e+00
0.000000000000000000e+00
0.000000000000000000e+00
0.000000000000000000e+00
0.000000000000000000e+00
0.000000000000000000e+00
0.000000000000000000e+00
0.000000000000000000e+00
0.000000000000000000e+00
0.000000000000000000e+00
0.000000000000000000e+00
0.000000000000000000e+00
0.000000000000000000e+00
0.000000000000000000e+00
0.000000000000000000e+00
0.000000000000000000e+00
0.000000000000000000e+00
0.000000000000000000e+00
0.000000000000000000e+00
0.000000000000000000e+00
0.000000000000000000e+00
0.000000000000000000e+00
0.000000000000000000e+00
0.000000000000000000e+00
0.000000000000000000e+00
0.000000000000000000e+00
0.000000000000000000e+00
0.000000000000000000e+00
0.000000000000000000e+00
