7.881607330105409037e-01
4.805350343156075676e-01
2.901080930184476991e-01
1.742478279162271160e-01
1.044245385272121046e-01
6.344719169999937791e-02
3.900895416994726306e-02
2.383669412895676396e-02
1.437370432297519450e-02
8.718748908397980224e-03
5.244968370047516960e-03
3.128239581911031186e-03
1.875572829340862958e-03
1.100125598146422124e-03
6.814051535343919590e-04
4.288167002174712947e-04
2.648461648898830026e-04
1.588233905520648574e-04
9.735066992711652908e-05
5.723788630177491975e-05
3.384868616733056765e-05
2.588895787767132633e-05
1.622329263629242302e-05
1.102680034962567394e-05
5.877954535830872639e-06
3.368764387243914496e-06
2.071670086703632932e-06
1.124455770270090491e-06
6.977406593425466963e-07
4.826296719829510292e-07
1.552925939650733335e-07
1.011751788957945841e-07
8.807935778963932030e-08
4.206679839441259747e-08
4.589754096656182034e-08
2.325261318428062917e-08
1.682381512260794919e-08
5.342577108083204269e-09
1.139591139400031946e-09
8.653826076892360192e-10
1.018649498364735727e-09
6.804242003940856029e-10
2.855624451981041506e-10
1.776501186904258457e-10
2.344520252347143355e-10
1.984610549479987484e-10
7.321734765389459158e-11
4.609592683685700526e-11
2.128731362073177487e-11
1.342796717842135247e-11
