9.139717415594716268e-91
1.095086297592127918e-85
9.790292648162463982e-85
1.463360791310953088e-84
4.475402361649433661e-69
1.827390973233263517e-67
1.968661930798691334e-65
5.511906724148478025e-64
2.472841578782441359e-59
6.684736563791237005e-58
2.921719125271905378e-47
5.202664494518471385e-43
1.000447246827884406e-40
3.681897251730390153e-39
2.029324200676610116e-38
5.636514901887918324e-34
1.014984814758225114e-32
1.549120034120806708e-32
4.673586350466333167e-29
1.770788091375874518e-28
8.079879553682094715e-26
1.086411411420227302e-20
1.063330187261476612e-18
9.951908005582176334e-18
2.655276086061773664e-17
7.257421065754429402e-16
1.437709155506253616e-13
2.235709441345538485e-12
2.602943474827976281e-11
7.477940115063289422e-11
1.699879851050006454e-10
7.134448820967992420e-10
3.983158219819085319e-09
1.771764593549464254e-08
3.268341531811765352e-07
1.060883476945700074e-06
2.594287638858219003e-06
9.661584246632592778e-06
2.891286743766260012e-05
8.882619655850424768e-05
2.987916527619491683e-04
9.037530688850176769e-04
2.473630003680226796e-03
6.662943484984287269e-03
1.593972623029380267e-02
3.563065136741546540e-02
7.691105087675963181e-02
1.509791894062779138e-01
2.728435592995799297e-01
4.396678548611038795e-01
4.366150063071887466e-01
2.707754715173765203e-01
1.522332307262919959e-01
7.678648679855668013e-02
3.591967919068342341e-02
1.526169893922745685e-02
6.305050018198829140e-03
2.428015852492968092e-03
8.209844521756306775e-04
2.882822059522389892e-04
9.025952008358147083e-05
2.398087959408164350e-05
6.761945515415206703e-06
1.817629783489223478e-06
4.966645641978528550e-07
1.427753854822233478e-07
6.209200800640026066e-08
1.643761936186312485e-08
4.089577171173471983e-10
4.276412548945368275e-11
2.617106899596875640e-12
2.736319051544698658e-13
7.664966185285883472e-15
1.499432504364860607e-15
8.427183140872974953e-17
0.000000000000000000e+00
0.000000000000000000e+00
0.000000000000000000e+00
0.000000000000000000e+00
0.000000000000000000e+00
0.000000000000000000e+00
0.000000000000000000e+00
0.000000000000000000e+00
0.000000000000000000e+00
0.000000000000000000e+00
0.000000000000000000e+00
0.000000000000000000e+00
0.000000000000000000e+00
0.000000000000000000e+00
0.000000000000000000e+00
0.000000000000000000e+00
0.000000000000000000e+00
0.000000000000000000e+00
0.000000000000000000e+00
0.000000000000000000e+00
0.000000000000000000e+00
0.000000000000000000e+00
0.000000000000000000e+00
0.000000000000000000e+00
0.000000000000000000e+00
