0.000000000000000000e+00
0.000000000000000000e+00
0.000000000000000000e+00
0.000000000000000000e+00
0.000000000000000000e+00
0.000000000000000000e+00
0.000000000000000000e+00
0.000000000000000000e+00
0.000000000000000000e+00
0.000000000000000000e+00
0.000000000000000000e+00
0.000000000000000000e+00
0.000000000000000000e+00
0.000000000000000000e+00
0.000000000000000000e+00
0.000000000000000000e+00
0.000000000000000000e+00
0.000000000000000000e+00
0.000000000000000000e+00
0.000000000000000000e+00
0.000000000000000000e+00
0.000000000000000000e+00
0.000000000000000000e+00
0.000000000000000000e+00
0.000000000000000000e+00
0.000000000000000000e+00
0.000000000000000000e+00
0.000000000000000000e+00
0.000000000000000000e+00
3.709280750457445260e-250
1.342199466322939596e-204
1.988029026618140834e-151
1.570199951120913183e-113
1.396178469173547092e-95
6.139025253929721528e-57
2.308097365422240951e-33
7.369316530234062455e-28
1.465382620672566033e-23
8.248202106393672923e-18
5.086476168038610472e-14
4.339080046790656153e-10
7.352847603660920195e-08
3.618531461101184699e-06
1.069220580219212559e-04
1.389567694270365346e-03
1.033302123650864726e-02
4.822483580962679678e-02
1.433838400419240044e-01
3.038337693312903598e-01
4.948471583286384035e-01
4.917301778664194822e-01
3.017790733086239685e-01
1.445335133372295244e-01
4.796709380060072692e-02
1.041834981038153134e-02
1.345556359695570126e-03
9.982092150114454531e-05
3.558608554800578288e-06
4.856509370152552970e-08
4.262903981696047178e-10
1.432421550420244461e-12
1.177931806990365497e-16
0.000000000000000000e+00
0.000000000000000000e+00
0.000000000000000000e+00
0.000000000000000000e+00
0.000000000000000000e+00
0.000000000000000000e+00
0.000000000000000000e+00
0.000000000000000000e+00
0.000000000000000000e+00
0.000000000000000000e+00
0.000000000000000000e+00
0.000000000000000000e+00
0.000000000000000000e+00
0.000000000000000000e+00
0.000000000000000000e+00
0.000000000000000000e+00
0.000000000000000000e+00
0.000000000000000000e+00
0.000000000000000000e+00
0.000000000000000000e+00
0.000000000000000000e+00
0.000000000000000000e+00
0.000000000000000000e+00
0.000000000000000000e+00
0.000000000000000000e+00
0.000000000000000000e+00
0.000000000000000000e+00
0.000000000000000000e+00
0.000000000000000000e+00
0.000000000000000000e+00
0.000000000000000000e+00
0.000000000000000000e+00
0.000000000000000000e+00
0.000000000000000000e+00
0.000000000000000000e+00
0.000000000000000000e+00
0.000000000000000000e+00
0.000000000000000000e+00
