3.539808593566781811e-15
8.432474919526580349e-15
1.153246010591610932e-14
1.507895008436805556e-14
2.470318943194462103e-12
5.050323202599506014e-12
5.195805861871746516e-12
8.405558711543520360e-12
9.480753176307021484e-12
1.461524392419551564e-11
2.968427946240307699e-11
8.196115828577235809e-11
1.410014648304403726e-10
9.872440152969652769e-10
1.685662336539725891e-09
3.053719256638883195e-09
3.584587484964144398e-09
6.382755767646071004e-09
2.487195890732134692e-08
5.769447189081385841e-08
9.703806003527956188e-08
1.837675863932084588e-07
4.948613047067633822e-07
1.196417426407768009e-06
2.097525236341626909e-06
3.797960168755267334e-06
8.258439954636059358e-06
1.141576461510893786e-05
1.643143603979068228e-05
1.882601111841045494e-05
3.199900130509968110e-05
5.177194012048421702e-05
7.782647774850304050e-05
1.288457425794208228e-04
2.198354922402788502e-04
3.398720922543546695e-04
5.457979771419525219e-04
9.748816568527099522e-04
1.604886954905259929e-03
2.708677889873318742e-03
4.573576086550331342e-03
7.636111754050291939e-03
1.226897153451714760e-02
2.006525826086103317e-02
3.243468440419250420e-02
5.199898038420275315e-02
8.705972425795310832e-02
1.441197672435430843e-01
2.413936748042944391e-01
3.957159026495552512e-01
3.924448303609675559e-01
2.391413595113044965e-01
1.459883257749017560e-01
8.718810365827212028e-02
5.242555814300977474e-02
3.101250729580848006e-02
1.894369590908785705e-02
1.156772259444126261e-02
6.737592568926583508e-03
4.145172821849417433e-03
2.536290480175835364e-03
1.523352627007573852e-03
9.006911724898228940e-04
5.543276210060748719e-04
3.415330612814578655e-04
2.089812079785075005e-04
1.360004223116896864e-04
8.099691280477937596e-05
4.557872980776526945e-05
2.523888499771148521e-05
1.502267504989379402e-05
9.457521838838192779e-06
4.807528021981910269e-06
2.768360395720143228e-06
2.079994367690283986e-06
1.271239151500805938e-06
8.752526607656254775e-07
6.295944659953741570e-07
5.139730733110998683e-07
3.855916122943801315e-07
9.759812240133456408e-08
7.630322033120508502e-08
8.169660230097777137e-08
3.848221111950008765e-08
4.284382192060408058e-08
2.156695104380102803e-08
1.583657124074830044e-08
5.201575736943162927e-09
1.057630072346358293e-09
8.356983800733917441e-10
1.004034309839989629e-09
6.709434942680866251e-10
2.771569479149668395e-10
1.724543601548060692e-10
2.294017248242833001e-10
1.959907637010468340e-10
7.320230279253635055e-11
4.608443136952245577e-11
2.127890725215229556e-11
1.342444950302565576e-11
