,r0,b,MFPT
0,0.0316227766016837,0.01,6.489324313625682
1,0.0562341325190349,0.01,5.010606554314949
2,0.1,0.01,3.901115923313305
3,0.1778279410038923,0.01,3.080263015226513
4,0.3162277660168379,0.01,2.4844265993768624
5,0.5623413251903491,0.01,2.064477420514376
6,1.0,0.01,1.786773685725468
7,1.7782794100389228,0.01,1.6356743490869805
8,3.1622776601683795,0.01,1.6208677691257505
9,5.623413251903491,0.01,1.8007801695555794
10,10.0,0.01,2.36091420861149
11,17.78279410038923,0.01,3.915608347671111
12,31.622776601683796,0.01,9.118568945442943
13,56.23413251903491,0.01,35.52673844982988
14,100.0,0.01,303.21817895416547
15,177.82794100389228,0.01,9436.10355747342
16,316.227766016838,0.01,4402911.1705538295
17,562.341325190349,0.01,5456143468098.198
18,1000.0,0.01,6.493227060489804e+61
19,0.0316227766016837,0.0177827941003892,6.491212213769508
20,0.0562341325190349,0.0177827941003892,5.01215827236283
21,0.1,0.0177827941003892,3.902237398070749
22,0.1778279410038923,0.0177827941003892,3.080833431293585
23,0.3162277660168379,0.0177827941003892,2.4842820118902447
24,0.5623413251903491,0.0177827941003892,2.063365517283469
25,1.0,0.0177827941003892,1.7842618079567
26,1.7782794100389228,0.0177827941003892,1.6309458177574516
27,3.1622776601683795,0.0177827941003892,1.612220448973302
28,5.623413251903491,0.0177827941003892,1.7841921585850806
29,10.0,0.0177827941003892,2.325309300845713
30,17.78279410038923,0.0177827941003892,3.822985917942032
31,31.622776601683796,0.0177827941003892,8.78666773405394
32,56.23413251903491,0.0177827941003892,33.536070664107115
33,100.0,0.0177827941003892,277.3213809792827
34,177.82794100389228,0.0177827941003892,8207.48546128424
35,316.227766016838,0.0177827941003892,3489207.084649591
36,562.341325190349,0.0177827941003892,3129634375530.97
37,1000.0,0.0177827941003892,3.772589477009049e+53
38,0.0316227766016837,0.0316227766016837,6.494618883239126
39,0.0562341325190349,0.0316227766016837,5.014983850176749
40,0.1,0.0316227766016837,3.9043208976666577
41,0.1778279410038923,0.0316227766016837,3.0819695082003267
42,0.3162277660168379,0.0316227766016837,2.4841942649247475
43,0.5623413251903491,0.0316227766016837,2.061630894369915
44,1.0,0.0316227766016837,1.7801574230031123
45,1.7782794100389228,0.0316227766016837,1.623111596830928
46,3.1622776601683795,0.0316227766016837,1.5978338693168457
47,5.623413251903491,0.0316227766016837,1.7566224472239993
48,10.0,0.0316227766016837,2.266454406135907
49,17.78279410038923,0.0316227766016837,3.671513968453732
50,31.622776601683796,0.0316227766016837,8.253642171747458
51,56.23413251903491,0.0316227766016837,30.434539987105037
52,100.0,0.0316227766016837,238.86244961755847
53,177.82794100389228,0.0316227766016837,6499.945462426841
54,316.227766016838,0.0316227766016837,2338874.979176864
55,562.341325190349,0.0316227766016837,1212262273523.879
56,1000.0,0.0316227766016837,2.3327980899205787e+45
57,0.0316227766016837,0.0562341325190349,6.500800035942855
58,0.0562341325190349,0.0562341325190349,5.020172911122804
59,0.1,0.0562341325190349,3.908246837523401
60,0.1778279410038923,0.0562341325190349,3.0842904156479527
61,0.3162277660168379,0.0562341325190349,2.4844561756125785
62,0.5623413251903491,0.0562341325190349,2.059145569743613
63,1.0,0.0562341325190349,1.773756161781997
64,1.7782794100389228,0.0562341325190349,1.6106083469038237
65,3.1622776601683795,0.0562341325190349,1.574726084229972
66,5.623413251903491,0.0562341325190349,1.7124342464670657
67,10.0,0.0562341325190349,2.17298651969612
68,17.78279410038923,0.0562341325190349,3.4351479155775264
69,31.622776601683796,0.0562341325190349,7.445856249246222
70,56.23413251903491,0.0562341325190349,25.947221784921123
71,100.0,0.0562341325190349,186.92630800365887
72,177.82794100389228,0.0562341325190349,4430.114940163868
73,316.227766016838,0.0562341325190349,1198627.7923550282
74,562.341325190349,0.0562341325190349,254827914548.45868
75,1000.0,0.0562341325190349,1.72781792279444e+37
76,0.0316227766016837,0.1,6.512105681755797
77,0.0562341325190349,0.1,5.029818287473811
78,0.1,0.1,3.91578771539124
79,0.1778279410038923,0.1,3.0891761345286817
80,0.3162277660168379,0.1,2.4859723976492947
81,0.5623413251903491,0.1,2.0562272856325263
82,1.0,0.1,1.7646142821469917
83,1.7782794100389228,0.1,1.5919285424650695
84,3.1622776601683795,0.1,1.539765607019419
85,5.623413251903491,0.1,1.6457425190321078
86,10.0,0.1,2.0338747082374096
87,17.78279410038923,0.1,3.0928185828056494
88,31.622776601683796,0.1,6.328524385718168
89,56.23413251903491,0.1,20.17302097268571
90,100.0,0.1,126.75755142534182
91,177.82794100389228,0.1,2406.164496178288
92,316.227766016838,0.1,412454.4298682251
93,562.341325190349,0.1,22875775395.299217
94,1000.0,0.1,2.0637264950520652e+29
95,0.0316227766016837,0.1778279410038923,6.532988019667185
96,0.0562341325190349,0.1778279410038923,5.048002402767612
97,0.1,0.1778279410038923,3.9305738804769432
98,0.1778279410038923,0.1778279410038923,3.099720499621568
99,0.3162277660168379,0.1778279410038923,2.49122242418886
100,0.5623413251903491,0.1778279410038923,2.054659324795032
101,1.0,0.1778279410038923,1.7537146222118385
102,1.7782794100389228,0.1778279410038923,1.567108258082936
103,3.1622776601683795,0.1778279410038923,1.4918630267678228
104,5.623413251903491,0.1778279410038923,1.5542305629340625
105,10.0,0.1778279410038923,1.846404412704874
106,17.78279410038923,0.1778279410038923,2.6491169634481926
107,31.622776601683796,0.1778279410038923,4.975879041585642
108,56.23413251903491,0.1778279410038923,13.909432336351331
109,100.0,0.1778279410038923,71.3250653068683
110,177.82794100389228,0.1778279410038923,971.8398634854858
111,316.227766016838,0.1778279410038923,85821.88370656667
112,562.341325190349,0.1778279410038923,766286820.7707744
113,1000.0,0.1778279410038923,7.021848439005824e+21
114,0.0316227766016837,0.3162277660168379,6.571893745534995
115,0.0562341325190349,0.3162277660168379,5.082681076583228
116,0.1,0.3162277660168379,3.95997963995002
117,0.1778279410038923,0.3162277660168379,3.122643943990916
118,0.3162277660168379,0.3162277660168379,2.5062520513580666
119,0.5623413251903491,0.3162277660168379,2.0598577292124247
120,1.0,0.3162277660168379,1.7459797773834969
121,1.7782794100389228,0.3162277660168379,1.5408868389839443
122,3.1622776601683795,0.3162277660168379,1.4363586873169518
123,5.623413251903491,0.3162277660168379,1.4459797491044426
124,10.0,0.3162277660168379,1.628061955428611
125,17.78279410038923,0.3162277660168379,2.1565970902105027
126,31.622776601683796,0.3162277660168379,3.6044450297961577
127,56.23413251903491,0.3162277660168379,8.449960327756541
128,100.0,0.3162277660168379,33.02623880681502
129,177.82794100389228,0.3162277660168379,290.26691939528394
130,316.227766016838,0.3162277660168379,11100.175487462762
131,562.341325190349,0.3162277660168379,11719754.951562615
132,1000.0,0.3162277660168379,1635868199186673.5
133,0.0316227766016837,0.5623413251903491,6.644479439722131
134,0.0562341325190349,0.5623413251903491,5.148844316617313
135,0.1,0.5623413251903491,4.018241081513675
136,0.1778279410038923,0.5623413251903491,3.1713929345274527
137,0.3162277660168379,0.5623413251903491,2.5438069343695573
138,0.5623413251903491,0.5623413251903491,2.0841340008970293
139,1.0,0.5623413251903491,1.753812414833396
140,1.7782794100389228,0.5623413251903491,1.526717650378295
141,3.1622776601683795,0.5623413251903491,1.3897254990881305
142,5.623413251903491,0.5623413251903491,1.3450141682555703
143,10.0,0.5623413251903491,1.4218315793871967
144,17.78279410038923,0.5623413251903491,1.7110062358978593
145,31.622776601683796,0.5623413251903491,2.483677109747873
146,56.23413251903491,0.5623413251903491,4.726211313951692
147,100.0,0.5623413251903491,13.438054149084367
148,177.82794100389228,0.5623413251903491,71.29810230748932
149,316.227766016838,0.5623413251903491,1098.1082965862624
150,562.341325190349,0.5623413251903491,146730.04796919142
151,1000.0,0.5623413251903491,7890469249.654518
152,0.0316227766016837,1.0,6.778000595703215
153,0.0562341325190349,1.0,5.272506679025396
154,0.1,1.0,4.130018805923668
155,0.1778279410038923,1.0,3.2692383796622027
156,0.3162277660168379,1.0,2.625919364511254
157,0.5623413251903491,1.0,2.1487008485912797
158,1.0,1.0,1.798386359474297
159,1.7782794100389228,1.0,1.5470049708825702
160,3.1622776601683795,1.0,1.3777444103620906
161,5.623413251903491,1.0,1.2848737010460591
162,10.0,1.0,1.2780248525207758
163,17.78279410038923,1.0,1.397410209077942
164,31.622776601683796,1.0,1.7569577634117215
165,56.23413251903491,1.0,2.7060211502794025
166,100.0,1.0,5.605115176026904
167,177.82794100389228,1.0,18.155261047028212
168,316.227766016838,1.0,120.76122090816357
169,562.341325190349,1.0,2956.1350202010126
170,1000.0,1.0,1315881.5849086854
171,0.0316227766016837,1.7782794100389228,7.015141005517739
172,0.0562341325190349,1.7782794100389228,5.493250340880483
173,0.1,1.7782794100389228,4.331609722830718
174,0.1778279410038923,1.7782794100389228,3.449090321667903
175,0.3162277660168379,1.7782794100389228,2.7822051681883835
176,0.5623413251903491,1.7782794100389228,2.280240474034372
177,1.0,1.7782794100389228,1.9041074600198
178,1.7782794100389228,1.7782794100389228,1.6248894014134438
179,3.1622776601683795,1.7782794100389228,1.4232543035979703
180,5.623413251903491,1.7782794100389228,1.2891280627840416
181,10.0,1.7782794100389228,1.221598504460093
182,17.78279410038923,1.7782794100389228,1.2350162805764322
183,31.622776601683796,1.7782794100389228,1.375266550081927
184,56.23413251903491,1.7782794100389228,1.7678029171230405
185,100.0,1.7782794100389228,2.802802501697543
186,177.82794100389228,1.7782794100389228,6.052221283301901
187,316.227766016838,1.7782794100389228,20.95119980757895
188,562.341325190349,1.7782794100389228,157.7245886273621
189,1000.0,1.7782794100389228,5061.886833323537
190,0.0316227766016837,3.1622776601683795,7.414443161183216
191,0.0562341325190349,3.1622776601683795,5.862502833163134
192,0.1,3.1622776601683795,4.667372156164992
193,0.1778279410038923,3.1622776601683795,3.748370947451916
194,0.3162277660168379,3.1622776601683795,3.0434570894082698
195,0.5623413251903491,3.1622776601683795,2.5034031263610004
196,1.0,3.1622776601683795,2.0900291738011423
197,1.7782794100389228,3.1622776601683795,1.774627695076425
198,3.1622776601683795,3.1622776601683795,1.536245986217556
199,5.623413251903491,3.1622776601683795,1.3620255117573148
200,10.0,3.1622776601683795,1.246294838733613
201,17.78279410038923,3.1622776601683795,1.191264579882175
202,31.622776601683796,3.1622776601683795,1.2139117984452872
203,56.23413251903491,3.1622776601683795,1.3626812954098286
204,100.0,3.1622776601683795,1.7675632593148134
205,177.82794100389228,3.1622776601683795,2.834595295083151
206,316.227766016838,3.1622776601683795,6.221364802008331
207,562.341325190349,3.1622776601683795,22.118747357189186
208,1000.0,3.1622776601683795,175.2604233810097
209,0.0316227766016837,5.623413251903491,8.045763162444938
210,0.0562341325190349,5.623413251903491,6.437267540316174
211,0.1,5.623413251903491,5.182862778063854
212,0.1778279410038923,5.623413251903491,4.2023990787932215
213,0.3162277660168379,5.623413251903491,3.4360846088210946
214,0.5623413251903491,5.623413251903491,2.836975078481209
215,1.0,5.623413251903491,2.368326818466544
216,1.7782794100389228,5.623413251903491,2.0022764806032898
217,3.1622776601683795,5.623413251903491,1.7175853399082803
218,5.623413251903491,5.623413251903491,1.4987878809828188
219,10.0,5.623413251903491,1.3370779279133709
220,17.78279410038923,5.623413251903491,1.2293220682538537
221,31.622776601683796,5.623413251903491,1.1794507247273645
222,56.23413251903491,5.623413251903491,1.2056950781370923
223,100.0,5.623413251903491,1.3575496056192145
224,177.82794100389228,5.623413251903491,1.7666072518513083
225,316.227766016838,5.623413251903491,2.844307169068677
226,562.341325190349,5.623413251903491,6.277796553790356
227,1000.0,5.623413251903491,22.52719852521054
228,0.0316227766016837,10.0,8.9820944067188
229,0.0562341325190349,10.0,7.271711725443186
230,0.1,10.0,5.918259901679384
231,0.1778279410038923,10.0,4.840368804638483
232,0.3162277660168379,10.0,3.980751340526256
233,0.5623413251903491,10.0,3.295170924648368
234,1.0,10.0,2.748495054835691
235,1.7782794100389228,10.0,2.3131493465868083
236,3.1622776601683795,10.0,1.9679770578735911
237,5.623413251903491,10.0,1.6961285841476177
238,10.0,10.0,1.4851443291922362
239,17.78279410038923,10.0,1.3282231404809075
240,31.622776601683796,10.0,1.2234104974307671
241,56.23413251903491,10.0,1.1753856567581913
242,100.0,10.0,1.2028789218943146
243,177.82794100389228,10.0,1.3557678871179832
244,316.227766016838,10.0,1.7661801359425686
245,562.341325190349,10.0,2.8473077476756026
246,1000.0,10.0,6.295918059297571
247,0.0316227766016837,17.78279410038923,10.294039498242029
248,0.0562341325190349,17.78279410038923,8.412132777322311
249,0.1,17.78279410038923,6.905141649725338
250,0.1778279410038923,17.78279410038923,5.6853136499370525
251,0.3162277660168379,17.78279410038923,4.694763665102776
252,0.5623413251903491,17.78279410038923,3.89123094755344
253,1.0,17.78279410038923,3.2408297604786784
254,1.7782794100389228,17.78279410038923,2.7157102947599983
255,3.1622776601683795,17.78279410038923,2.2933853731045737
256,5.623413251903491,17.78279410038923,1.9560335676096603
257,10.0,17.78279410038923,1.6888225346672687
258,17.78279410038923,17.78279410038923,1.4805779836515676
259,31.622776601683796,17.78279410038923,1.3252969996261768
260,56.23413251903491,17.78279410038923,1.221473984409143
261,100.0,17.78279410038923,1.1740612866430462
262,177.82794100389228,17.78279410038923,1.20196338954338
263,316.227766016838,17.78279410038923,1.3551865104308525
264,562.341325190349,17.78279410038923,1.76603093118201
265,1000.0,17.78279410038923,2.8482479000928667
266,0.0316227766016837,31.622776601683796,12.0501725074376
267,0.0562341325190349,31.622776601683796,9.903841464502918
268,0.1,31.622776601683796,8.171042860566331
269,0.1778279410038923,31.622776601683796,6.757531333742501
270,0.3162277660168379,31.622776601683796,5.595740910366038
271,0.5623413251903491,31.622776601683796,4.641062145801605
272,1.0,31.622776601683796,3.859356088178178
273,1.7782794100389228,31.622776601683796,3.2220287008034254
274,3.1622776601683795,31.622776601683796,2.704620198053285
275,5.623413251903491,31.622776601683796,2.286815262107904
276,10.0,31.622776601683796,1.952115529490012
277,17.78279410038923,31.622776601683796,1.686449035190096
278,31.622776601683796,31.622776601683796,1.4791048871863597
279,56.23413251903491,31.622776601683796,1.3243576466200473
280,100.0,31.622776601683796,1.220854336451096
281,177.82794100389228,31.622776601683796,1.173638352928848
282,316.227766016838,31.622776601683796,1.201671251049402
283,562.341325190349,31.622776601683796,1.3550007923333212
284,1000.0,31.622776601683796,1.7659822747418732
285,0.0316227766016837,56.23413251903491,14.312199745382143
286,0.0562341325190349,56.23413251903491,11.801155190512478
287,0.1,56.23413251903491,9.754415398854704
288,0.1778279410038923,56.23413251903491,8.082320987348142
289,0.3162277660168379,56.23413251903491,6.705029462475372
290,0.5623413251903491,56.23413251903491,5.564787092640863
291,1.0,56.23413251903491,4.622933858445645
292,1.7782794100389228,56.23413251903491,3.848786170678876
293,3.1622776601683795,56.23413251903491,3.215876534992677
294,5.623413251903491,56.23413251903491,2.701026123933274
295,10.0,56.23413251903491,2.284700823049535
296,17.78279410038923,56.23413251903491,1.950860907874587
297,31.622776601683796,56.23413251903491,1.6856916747968391
298,56.23413251903491,56.23413251903491,1.4786359867721417
299,100.0,56.23413251903491,1.3240591405812585
300,177.82794100389228,56.23413251903491,1.22065763956659
301,316.227766016838,56.23413251903491,1.1735041879848238
302,562.341325190349,56.23413251903491,1.2015786023924169
303,1000.0,56.23413251903491,1.3549418735175984
304,0.0316227766016837,100.0,17.139900045672988
305,0.0562341325190349,100.0,14.16144229652516
306,0.1,100.0,11.71294690476877
307,0.1778279410038923,100.0,9.702888901686514
308,0.3162277660168379,100.0,8.052399276580555
309,0.5623413251903491,100.0,6.687625605535777
310,1.0,100.0,5.554662298890241
311,1.7782794100389228,100.0,4.617063251625606
312,3.1622776601683795,100.0,3.845387482219476
313,5.623413251903491,100.0,3.213908218469225
314,10.0,100.0,2.699880226156558
315,17.78279410038923,100.0,2.2840283083540167
316,31.622776601683796,100.0,1.950462541715299
317,56.23413251903491,100.0,1.6854514797047675
318,100.0,100.0,1.478487395349386
319,177.82794100389228,100.0,1.3239645972094658
320,316.227766016838,100.0,1.2205953631845423
321,562.341325190349,100.0,1.1734617188722365
322,1000.0,100.0,1.2015492775439427
