,r0,b,MFPT
0,0.0316227766016837,0.01,6.486864247385309
1,0.0562341325190349,0.01,5.0085656150028885
2,0.1,0.01,3.8996096649611394
3,0.1778279410038923,0.01,3.0794387785185906
4,0.3162277660168379,0.01,2.48448306573413
5,0.5623413251903491,0.01,2.0657197079342424
6,1.0,0.01,1.7897257109756437
7,1.7782794100389228,0.01,1.6413282187138951
8,3.1622776601683795,0.01,1.631298978698576
9,5.623413251903491,0.01,1.820911341546316
10,10.0,0.01,2.4043467939225134
11,17.78279410038923,0.01,4.029252562337208
12,31.622776601683796,0.01,9.529229070675049
13,56.23413251903491,0.01,38.01221947448197
14,100.0,0.01,335.84422447553646
15,177.82794100389228,0.01,11064.584967029346
16,316.227766016838,0.01,5857972.054888387
17,562.341325190349,0.01,11387396041167.812
18,1000.0,0.01,
19,0.0316227766016837,0.0177827941003892,6.486756009359066
20,0.0562341325190349,0.0177827941003892,5.008418483427723
21,0.1,0.0177827941003892,3.899408155942524
22,0.1778279410038923,0.0177827941003892,3.0791592528017
23,0.3162277660168379,0.0177827941003892,2.484088148386448
24,0.5623413251903491,0.0177827941003892,2.065147656094852
25,1.0,0.0177827941003892,1.7888684123735186
26,1.7782794100389228,0.0177827941003892,1.6399806065793294
27,3.1622776601683795,0.0177827941003892,1.6290300566683655
28,5.623413251903491,0.0177827941003892,1.816686146817804
29,10.0,0.0177827941003892,2.395211550785592
30,17.78279410038923,0.0177827941003892,4.004644552151135
31,31.622776601683796,0.0177827941003892,9.43623265577345
32,56.23413251903491,0.0177827941003892,37.408162921039455
33,100.0,0.0177827941003892,327.15267923854856
34,177.82794100389228,0.0177827941003892,10653.179042376529
35,316.227766016838,0.0177827941003892,5682653.722676099
36,562.341325190349,0.0177827941003892,11228919605610.514
37,1000.0,0.0177827941003892,
38,0.0316227766016837,0.0316227766016837,6.486475424916785
39,0.0562341325190349,0.0316227766016837,5.008036826389637
40,0.1,0.0316227766016837,3.8988851877248174
41,0.1778279410038923,0.0316227766016837,3.078433240899693
42,0.3162277660168379,0.0316227766016837,2.4830605452760386
43,0.5623413251903491,0.0316227766016837,2.06365455244452
44,1.0,0.0316227766016837,1.7866218810954746
45,1.7782794100389228,0.0316227766016837,1.6364340681918743
46,3.1622776601683795,0.0316227766016837,1.6230359133311043
47,5.623413251903491,0.0316227766016837,1.8055023353319424
48,10.0,0.0316227766016837,2.37109774329968
49,17.78279410038923,0.0316227766016837,3.940327858700458
50,31.622776601683796,0.0316227766016837,9.19790262366864
51,56.23413251903491,0.0316227766016837,35.92961681496941
52,100.0,0.0316227766016837,307.66442069849137
53,177.82794100389228,0.0316227766016837,9762.78025854018
54,316.227766016838,0.0316227766016837,5107458.396943462
55,562.341325190349,0.0316227766016837,9554630240991.918
56,1000.0,0.0316227766016837,
57,0.0316227766016837,0.0562341325190349,6.485739956760893
58,0.0562341325190349,0.0562341325190349,5.007036801305393
59,0.1,0.0562341325190349,3.897516111341273
60,0.1778279410038923,0.0562341325190349,3.0765355764742357
61,0.3162277660168379,0.0562341325190349,2.480380099179214
62,0.5623413251903491,0.0562341325190349,2.0597687412900534
63,1.0,0.0562341325190349,1.7807904060555284
64,1.7782794100389228,0.0562341325190349,1.6272611155599073
65,3.1622776601683795,0.0562341325190349,1.607623646604007
66,5.623413251903491,0.0562341325190349,1.7770373823667835
67,10.0,0.0562341325190349,2.3107233351837837
68,17.78279410038923,0.0562341325190349,3.782933361994898
69,31.622776601683796,0.0562341325190349,8.630055429743127
70,56.23413251903491,0.0562341325190349,32.50944340166667
71,100.0,0.0562341325190349,263.6938221027256
72,177.82794100389228,0.0562341325190349,7724.603434703726
73,316.227766016838,0.0562341325190349,3496833.535255214
74,562.341325190349,0.0562341325190349,4312662327108.708
75,1000.0,0.0562341325190349,
76,0.0316227766016837,0.1,6.483908726379109
77,0.0562341325190349,0.1,5.004550166998886
78,0.1,0.1,3.8941181844108095
79,0.1778279410038923,0.1,3.0718398212759883
80,0.3162277660168379,0.1,2.473777360114986
81,0.5623413251903491,0.1,2.0502547386554117
82,1.0,0.1,1.7666254380186062
83,1.7782794100389228,0.1,1.6052190702606048
84,3.1622776601683795,0.1,1.571147384354111
85,5.623413251903491,0.1,1.7111084645428698
86,10.0,0.1,2.175090894880742
87,17.78279410038923,0.1,3.443759172566617
88,31.622776601683796,0.1,7.471008590458527
89,56.23413251903491,0.1,25.990911319571744
90,100.0,0.1,186.1644508780604
91,177.82794100389228,0.1,4457.020030814267
92,316.227766016838,0.1,1331428.1706260417
93,562.341325190349,0.1,493710667701.5203
94,1000.0,0.1,
95,0.0316227766016837,0.1778279410038923,6.480016423109374
96,0.0562341325190349,0.1778279410038923,4.999278009775086
97,0.1,0.1778279410038923,3.8869272759987137
98,0.1778279410038923,0.1778279410038923,3.0619281061306127
99,0.3162277660168379,0.1778279410038923,2.459903664053244
100,0.5623413251903491,0.1778279410038923,2.03040268301344
101,1.0,0.1778279410038923,1.7373704691192755
102,1.7782794100389228,0.1778279410038923,1.560377268649688
103,3.1622776601683795,0.1778279410038923,1.4984877931704386
104,5.623413251903491,0.1778279410038923,1.583439089254114
105,10.0,0.1778279410038923,1.9224853360270129
106,17.78279410038923,0.1778279410038923,2.846640644952933
107,31.622776601683796,0.1778279410038923,5.597065176721138
108,56.23413251903491,0.1778279410038923,16.738866347453452
109,100.0,0.1778279410038923,94.98978281550136
110,177.82794100389228,0.1778279410038923,1555.8391572596147
111,316.227766016838,0.1778279410038923,212813.43782989235
112,562.341325190349,0.1778279410038923,8340042161.451464
113,1000.0,0.1778279410038923,
114,0.0316227766016837,0.3162277660168379,6.4750986034764
115,0.0562341325190349,0.3162277660168379,4.9925805696041445
116,0.1,0.3162277660168379,3.877655602040801
117,0.1778279410038923,0.3162277660168379,3.048894008473493
118,0.3162277660168379,0.3162277660168379,2.4412859671143257
119,0.5623413251903491,0.3162277660168379,2.0032807941660096
120,1.0,0.3162277660168379,1.6969042884355756
121,1.7782794100389228,0.3162277660168379,1.4981315777116184
122,3.1622776601683795,0.3162277660168379,1.3983975673161828
123,5.623413251903491,0.3162277660168379,1.4111170754666205
124,10.0,0.3162277660168379,1.5944257310411505
125,17.78279410038923,0.3162277660168379,2.121789742599831
126,31.622776601683796,0.3162277660168379,3.569175781716247
127,56.23413251903491,0.3162277660168379,8.44827097024515
128,100.0,0.3162277660168379,33.555045959146575
129,177.82794100389228,0.3162277660168379,308.369446425345
130,316.227766016838,0.3162277660168379,13630.715678075794
131,562.341325190349,0.3162277660168379,24658930.261418518
132,1000.0,0.3162277660168379,
133,0.0316227766016837,0.5623413251903491,6.481577551864519
134,0.0562341325190349,0.5623413251903491,4.999942059822015
135,0.1,0.5623413251903491,3.885140540930117
136,0.1778279410038923,0.5623413251903491,3.055155960411056
137,0.3162277660168379,0.5623413251903491,2.4441645428142853
138,0.5623413251903491,0.5623413251903491,1.99941988809066
139,1.0,0.5623413251903491,1.6811268552754934
140,1.7782794100389228,0.5623413251903491,1.4621605716696444
141,3.1622776601683795,0.5623413251903491,1.3280041501657451
142,5.623413251903491,0.5623413251903491,1.2782031888826744
143,10.0,0.5623413251903491,1.3360860144098203
144,17.78279410038923,0.5623413251903491,1.576126108629449
145,31.622776601683796,0.5623413251903491,2.2165930834191423
146,56.23413251903491,0.5623413251903491,4.021737392163637
147,100.0,0.5623413251903491,10.647068141245928
148,177.82794100389228,0.5623413251903491,50.8416666499209
149,316.227766016838,0.5623413251903491,668.1352997922788
150,562.341325190349,0.5623413251903491,68264.26637667898
151,1000.0,0.5623413251903491,
152,0.0316227766016837,1.0,6.539905815887591
153,0.0562341325190349,1.0,5.0671826633549655
154,0.1,1.0,3.959172151450634
155,0.1778279410038923,1.0,3.132529438808324
156,0.3162277660168379,1.0,2.520360780438967
157,0.5623413251903491,1.0,2.0691566035351485
158,1.0,1.0,1.7383975629271573
159,1.7782794100389228,1.0,1.4994764501985385
160,3.1622776601683795,1.0,1.335192124041261
161,5.623413251903491,1.0,1.2385122664307018
162,10.0,1.0,1.2151558051303868
163,17.78279410038923,1.0,1.294417705729292
164,31.622776601683796,1.0,1.558555524968851
165,56.23413251903491,1.0,2.2461748782348865
166,100.0,1.0,4.211117941550678
167,177.82794100389228,1.0,11.71254170065941
168,316.227766016838,1.0,61.00013233460037
169,562.341325190349,1.0,957.7985961452924
170,1000.0,1.0,
171,0.0316227766016837,1.7782794100389228,6.731385538701449
172,0.0562341325190349,1.7782794100389228,5.273724298777754
173,0.1,1.7782794100389228,4.172203032866418
174,0.1778279410038923,1.7782794100389228,3.342258583067424
175,0.3162277660168379,1.7782794100389228,2.717539803521324
176,0.5623413251903491,1.7782794100389228,2.246328881164075
177,1.0,1.7782794100389228,1.8902500682877208
178,1.7782794100389228,1.7782794100389228,1.6216938323582228
179,3.1622776601683795,1.7782794100389228,1.422639742708398
180,5.623413251903491,1.7782794100389228,1.2837911768145087
181,10.0,1.7782794100389228,1.2033009268273416
182,17.78279410038923,1.7782794100389228,1.1906556917994595
183,31.622776601683796,1.7782794100389228,1.2780097263213774
184,56.23413251903491,1.7782794100389228,1.5507017411840998
185,100.0,1.7782794100389228,2.254713832491855
186,177.82794100389228,1.7782794100389228,4.276968863107599
187,316.227766016838,1.7782794100389228,12.110490558136709
188,562.341325190349,1.7782794100389228,65.14908992881668
189,1000.0,1.7782794100389228,
190,0.0316227766016837,3.1622776601683795,7.166869251428931
191,0.0562341325190349,3.1622776601683795,5.708515172279698
192,0.1,3.1622776601683795,4.588859175585698
193,0.1778279410038923,3.1622776601683795,3.7261612584567536
194,0.3162277660168379,3.1622776601683795,3.0589616913532818
195,0.5623413251903491,3.1622776601683795,2.5406361069429897
196,1.0,3.1622776601683795,2.1368251551583737
197,1.7782794100389228,3.1622776601683795,1.8225155961115325
198,3.1622776601683795,3.1622776601683795,1.5792914863968266
199,5.623413251903491,3.1622776601683795,1.3955652864223298
200,10.0,3.1622776601683795,1.2660538919176534
201,17.78279410038923,3.1622776601683795,1.1912990923366076
202,31.622776601683796,3.1622776601683795,1.1823496387958663
203,56.23413251903491,3.1622776601683795,1.2724276063547069
204,100.0,3.1622776601683795,1.5479301991070242
205,177.82794100389228,3.1622776601683795,2.257282590170459
206,316.227766016838,3.1622776601683795,4.298433868128238
207,562.341325190349,3.1622776601683795,12.24376516951731
208,1000.0,3.1622776601683795,
209,0.0316227766016837,5.623413251903491,7.943338284922488
210,0.0562341325190349,5.623413251903491,6.432360001777279
211,0.1,5.623413251903491,5.24285102302953
212,0.1778279410038923,5.623413251903491,4.300229527617094
213,0.3162277660168379,5.623413251903491,3.550781879930758
214,0.5623413251903491,5.623413251903491,2.953701404003572
215,1.0,5.623413251903491,2.4776752527696404
216,1.7782794100389228,5.623413251903491,2.09910232629102
217,3.1622776601683795,5.623413251903491,1.7997265134641864
218,5.623413251903491,5.623413251903491,1.5652516960877918
219,10.0,5.623413251903491,1.3866992921045156
220,17.78279410038923,5.623413251903491,1.260285862641316
221,31.622776601683796,5.623413251903491,1.1874116978806788
222,56.23413251903491,5.623413251903491,1.1796638434340765
223,100.0,5.623413251903491,1.2706206468661174
224,177.82794100389228,5.623413251903491,1.547022831453501
225,316.227766016838,5.623413251903491,2.2580797281418894
226,562.341325190349,5.623413251903491,4.305287133135678
227,1000.0,5.623413251903491,12.28670619576432
228,0.0316227766016837,10.0,9.114355713895478
229,0.0562341325190349,10.0,7.468398955450615
230,0.1,10.0,6.1441933224886665
231,0.1778279410038923,10.0,5.070154313019989
232,0.3162277660168379,10.0,4.198002866249246
233,0.5623413251903491,10.0,3.4907562780478094
234,1.0,10.0,2.91852745619249
235,1.7782794100389228,10.0,2.4569749843689173
236,3.1622776601683795,10.0,2.0868417051677293
237,5.623413251903491,10.0,1.7923773852208869
238,10.0,10.0,1.560747211267751
239,17.78279410038923,10.0,1.383864668674046
240,31.622776601683796,10.0,1.2584456975006757
241,56.23413251903491,10.0,1.1861730411150413
242,100.0,10.0,1.1788084994483488
243,177.82794100389228,10.0,1.2700449868555166
244,316.227766016838,10.0,1.5467327333348166
245,562.341325190349,10.0,2.258330218330788
246,1000.0,10.0,4.30746090928945
247,0.0316227766016837,17.78279410038923,10.71001469842377
248,0.0562341325190349,17.78279410038923,8.828717178198275
249,0.1,17.78279410038923,7.3002998963982435
250,0.1778279410038923,17.78279410038923,6.045471746491854
251,0.3162277660168379,17.78279410038923,5.012461791467855
252,0.5623413251903491,17.78279410038923,4.164454901515152
253,1.0,17.78279410038923,3.4712900035066223
254,1.7782794100389228,17.78279410038923,2.907209556165328
255,3.1622776601683795,17.78279410038923,2.450348488632553
256,5.623413251903491,17.78279410038923,2.08293109592446
257,10.0,17.78279410038923,1.790039054925189
258,17.78279410038923,17.78279410038923,1.5593162726741778
259,31.622776601683796,17.78279410038923,1.3829651771369165
260,56.23413251903491,17.78279410038923,1.257862164228187
261,100.0,17.78279410038923,1.185780403727973
262,177.82794100389228,17.78279410038923,1.1785374106869178
263,316.227766016838,17.78279410038923,1.2698625198786937
264,562.341325190349,17.78279410038923,1.546640677674104
265,1000.0,17.78279410038923,2.258409269329205
266,0.0316227766016837,31.622776601683796,12.764580098922272
267,0.0562341325190349,31.622776601683796,10.545280241005932
268,0.1,31.622776601683796,8.733328677147966
269,0.1778279410038923,31.622776601683796,7.2450976034766015
270,0.3162277660168379,31.622776601683796,6.013433162930548
271,0.5623413251903491,31.622776601683796,4.9938999557812185
272,1.0,31.622776601683796,4.15372261476741
273,1.7782794100389228,31.622776601683796,3.4650855629659967
274,3.1622776601683795,31.622776601683796,2.9036109922701474
275,5.623413251903491,31.622776601683796,2.448244944947704
276,10.0,31.622776601683796,2.081691104832159
277,17.78279410038923,31.622776601683796,1.7892981760863569
278,31.622776601683796,31.622776601683796,1.558863120227886
279,56.23413251903491,31.622776601683796,1.3826804222136255
280,100.0,31.622776601683796,1.2576774724189914
281,177.82794100389228,31.622776601683796,1.1856561467815236
282,316.227766016838,31.622776601683796,1.1784516242702603
283,562.341325190349,31.622776601683796,1.269804775949601
284,1000.0,31.622776601683796,1.5466115351885503
285,0.0316227766016837,56.23413251903491,15.323000237513174
286,0.0562341325190349,56.23413251903491,12.671669325429209
287,0.1,56.23413251903491,10.491843082976704
288,0.1778279410038923,56.23413251903491,8.702631361853378
289,0.3162277660168379,56.23413251903491,7.227430841197053
290,0.5623413251903491,56.23413251903491,6.0032186392179945
291,1.0,56.23413251903491,4.987998401978175
292,1.7782794100389228,56.23413251903491,4.150316439726537
293,3.1622776601683795,56.23413251903491,3.4631186859300724
294,5.623413251903491,56.23413251903491,2.902471074687369
295,10.0,56.23413251903491,2.4475789399209704
296,17.78279410038923,56.23413251903491,2.081298650467746
297,31.622776601683796,56.23413251903491,1.7890637462357344
298,56.23413251903491,56.23413251903491,1.5587197558407755
299,100.0,56.23413251903491,1.3825903437214428
300,177.82794100389228,56.23413251903491,1.2576190514963426
301,316.227766016838,56.23413251903491,1.1856168438705987
302,562.341325190349,56.23413251903491,1.178424490157921
303,1000.0,56.23413251903491,1.2697865114330804
304,0.0316227766016837,100.0,18.44749595162301
305,0.0562341325190349,100.0,15.270735757235297
306,0.1,100.0,12.64195761258232
307,0.1778279410038923,100.0,10.47480712918738
308,0.3162277660168379,100.0,8.692870177372743
309,0.5623413251903491,100.0,7.221822976272206
310,1.0,100.0,5.999980206434218
311,1.7782794100389228,100.0,4.986128993211151
312,3.1622776601683795,100.0,4.14923808131353
313,5.623413251903491,100.0,3.462496219064822
314,10.0,100.0,2.902110405985381
315,17.78279410038923,100.0,2.447368250035576
316,31.622776601683796,100.0,2.0811745120278085
317,56.23413251903491,100.0,1.7889895986688082
318,100.0,100.0,1.5586744135405777
319,177.82794100389228,100.0,1.3825618552930024
320,316.227766016838,100.0,1.2576005755538588
321,562.341325190349,100.0,1.18560441425732
322,1000.0,100.0,1.1784159089915451
