,r0,b,MFPT
0,0.0316227766016837,0.01,6.486890537302833
1,0.0562341325190349,0.01,5.008601237287348
2,0.1,0.01,3.8996583004109433
3,0.1778279410038923,0.01,3.0795060706684607
4,0.3162277660168379,0.01,2.484577874524415
5,0.5623413251903491,0.01,2.065856600364687
6,1.0,0.01,1.7899301797862464
7,1.7782794100389228,0.01,1.6416489346215035
8,3.1622776601683795,0.01,1.6318396064781402
9,5.623413251903491,0.01,1.821925464476161
10,10.0,0.01,2.4065791223706285
11,17.78279410038923,0.01,4.035481920637183
12,31.622776601683796,0.01,9.554355352959869
13,56.23413251903491,0.01,38.195059292712656
14,100.0,0.01,338.8941829835715
15,177.82794100389228,0.01,11219.888726044215
16,316.227766016838,0.01,5910749.012222344
17,562.341325190349,0.01,11392832818806.412
18,1000.0,0.01,
19,0.0316227766016837,0.0177827941003892,6.486824948212677
20,0.0562341325190349,0.0177827941003892,5.008512399759331
21,0.1,0.0177827941003892,3.899537028760186
22,0.1778279410038923,0.0177827941003892,3.079338567258944
23,0.3162277660168379,0.0177827941003892,2.4843428276841277
24,0.5623413251903491,0.0177827941003892,2.065519121729919
25,1.0,0.0177827941003892,1.789429410654713
26,1.7782794100389228,0.0177827941003892,1.6408697333084512
27,3.1622776601683795,0.0177827941003892,1.630539689325714
28,5.623413251903491,0.0177827941003892,1.8195186150390168
29,10.0,0.0177827941003892,2.40136133945685
30,17.78279410038923,0.0177827941003892,4.021172066509236
31,31.622776601683796,0.0177827941003892,9.497595768072582
32,56.23413251903491,0.0177827941003892,37.77955778620499
33,100.0,0.0177827941003892,331.61395487109934
34,177.82794100389228,0.0177827941003892,10831.91536673312
35,316.227766016838,0.0177827941003892,5771437.449705619
36,562.341325190349,0.0177827941003892,11351805023170.52
37,1000.0,0.0177827941003892,2.134535718668e+185
38,0.0316227766016837,0.0316227766016837,6.486667252550766
39,0.0562341325190349,0.0316227766016837,5.008297912478623
40,0.1,0.0316227766016837,3.899243157330375
41,0.1778279410038923,0.0316227766016837,3.0789307332198232
42,0.3162277660168379,0.0316227766016837,2.483766217548017
43,0.5623413251903491,0.0316227766016837,2.0646831918890496
44,1.0,0.0316227766016837,1.7881756930510997
45,1.7782794100389228,0.0316227766016837,1.6388974546884452
46,3.1622776601683795,0.0316227766016837,1.627216174809354
47,5.623413251903491,0.0316227766016837,1.813323697494036
48,10.0,0.0316227766016837,2.387950645725755
49,17.78279410038923,0.0316227766016837,3.984971681097621
50,31.622776601683796,0.0316227766016837,9.36033359916178
51,56.23413251903491,0.0316227766016837,36.88597979805764
52,100.0,0.0316227766016837,318.76973394827326
53,177.82794100389228,0.0316227766016837,10194.932100597283
54,316.227766016838,0.0316227766016837,5441242.878203126
55,562.341325190349,0.0316227766016837,11030114580462.262
56,1000.0,0.0316227766016837,2.167274742547429e+152
57,0.0316227766016837,0.0562341325190349,6.486254545599703
58,0.0562341325190349,0.0562341325190349,5.007736470432475
59,0.1,0.0562341325190349,3.89847369984734
60,0.1778279410038923,0.0562341325190349,3.077862120423128
61,0.3162277660168379,0.0562341325190349,2.482252765810724
62,0.5623413251903491,0.0562341325190349,2.062482639614302
63,1.0,0.0562341325190349,1.784862573157928
64,1.7782794100389228,0.0562341325190349,1.633664310738775
65,3.1622776601683795,0.0562341325190349,1.6183686601792464
66,5.623413251903491,0.0562341325190349,1.796816855281951
67,10.0,0.0562341325190349,2.352389837552635
68,17.78279410038923,0.0562341325190349,3.890353245253422
69,31.622776601683796,0.0562341325190349,9.011857823009244
70,56.23413251903491,0.0562341325190349,34.7622969194653
71,100.0,0.0562341325190349,292.0870730370865
72,177.82794100389228,0.0562341325190349,9052.574174086292
73,316.227766016838,0.0562341325190349,4695652.496598942
74,562.341325190349,0.0562341325190349,9007662569677.867
75,1000.0,0.0562341325190349,2.510959381388413e+119
76,0.0316227766016837,0.1,6.485167756757056
77,0.0562341325190349,0.1,5.006258373470619
78,0.1,0.1,3.896449303043752
79,0.1778279410038923,0.1,3.07505447668152
80,0.3162277660168379,0.1,2.4782836416178657
81,0.5623413251903491,0.1,2.056722497167049
82,1.0,0.1,1.7762082573477755
83,1.7782794100389228,0.1,1.6200350509014705
84,3.1622776601683795,0.1,1.5954388731156977
85,5.623413251903491,0.1,1.7544014366865774
86,10.0,0.1,2.262299742656556
87,17.78279410038923,0.1,3.6555058219640206
88,31.622776601683796,0.1,8.167729164560017
89,56.23413251903491,0.1,29.741177231626203
90,100.0,0.1,229.5666494186244
91,177.82794100389228,0.1,6345.984104323036
92,316.227766016838,0.1,2705390.3096218845
93,562.341325190349,0.1,3007702858506.157
94,1000.0,0.1,7.521912286253973e+86
95,0.0316227766016837,0.1778279410038923,6.482468276303662
96,0.0562341325190349,0.1778279410038923,5.002590227657244
97,0.1,0.1778279410038923,3.891432620271588
98,0.1778279410038923,0.1778279410038923,3.068115126239119
99,0.3162277660168379,0.1778279410038923,2.46851639829304
100,0.5623413251903491,0.1778279410038923,2.0426354169532166
101,1.0,0.1778279410038923,1.7552189213925855
102,1.7782794100389228,0.1778279410038923,1.587363009930818
103,3.1622776601683795,0.1778279410038923,1.5414023153434893
104,5.623413251903491,0.1778279410038923,1.6569536676578362
105,10.0,0.1778279410038923,2.062861941391949
106,17.78279410038923,0.1778279410038923,3.161969888460021
107,31.622776601683796,0.1778279410038923,6.515547915290188
108,56.23413251903491,0.1778279410038923,20.794306034457477
109,100.0,0.1778279410038923,128.84296325624192
110,177.82794100389228,0.1778279410038923,2415.789127522501
111,316.227766016838,0.1778279410038923,469231.0818607706
112,562.341325190349,0.1778279410038923,75469986589.8555
113,1000.0,0.1778279410038923,4.293827265637216e+54
114,0.0316227766016837,0.3162277660168379,6.476676977504884
115,0.0562341325190349,0.3162277660168379,4.994723264185604
116,0.1,0.3162277660168379,3.880672740357261
117,0.1778279410038923,0.3162277660168379,3.0532449805572828
118,0.3162277660168379,0.3162277660168379,2.4476543488862497
119,0.5623413251903491,0.3162277660168379,2.012738439604978
120,1.0,0.3162277660168379,1.7111576508529336
121,1.7782794100389228,0.3162277660168379,1.519979987302483
122,3.1622776601683795,0.3162277660168379,1.4329108630487437
123,5.623413251903491,0.3162277660168379,1.46883032327914
124,10.0,0.3162277660168379,1.699410536995288
125,17.78279410038923,0.3162277660168379,2.3375188753947334
126,31.622776601683796,0.3162277660168379,4.108252768748547
127,56.23413251903491,0.3162277660168379,10.273054520110875
128,100.0,0.3162277660168379,43.56176950747315
129,177.82794100389228,0.3162277660168379,438.3358814103032
130,316.227766016838,0.3162277660168379,24154.438653406163
131,562.341325190349,0.3162277660168379,134175560.73908389
132,1000.0,0.3162277660168379,1.925439086897829e+29
133,0.0316227766016837,0.5623413251903491,6.46868316554891
134,0.0562341325190349,0.5623413251903491,4.983741723920593
135,0.1,0.5623413251903491,3.8653920558283295
136,0.1778279410038923,0.5623413251903491,3.031736785925775
137,0.3162277660168379,0.5623413251903491,2.417023711639651
138,0.5623413251903491,0.5623413251903491,1.968444733527014
139,1.0,0.5623413251903491,1.6458758997971743
140,1.7782794100389228,0.5623413251903491,1.4214321611144978
141,3.1622776601683795,0.5623413251903491,1.2788433968551025
142,5.623413251903491,0.5623413251903491,1.2144030410344566
143,10.0,0.5623413251903491,1.243931897875437
144,17.78279410038923,0.5623413251903491,1.4208719229066349
145,31.622776601683796,0.5623413251903491,1.8985337714477355
146,56.23413251903491,0.5623413251903491,3.183572163678292
147,100.0,0.5623413251903491,7.465821432346448
148,177.82794100389228,0.5623413251903491,29.75078278420978
149,316.227766016838,0.5623413251903491,307.9832113554201
150,562.341325190349,0.5623413251903491,27524.903409824645
151,1000.0,0.5623413251903491,13543377266.099468
152,0.0316227766016837,1.0,6.476655617850742
153,0.0562341325190349,1.0,4.992634154303382
154,0.1,1.0,3.874178013118233
155,0.1778279410038923,1.0,3.038725477329565
156,0.3162277660168379,1.0,2.41965787340061
157,0.5623413251903491,1.0,1.9628542342077515
158,1.0,1.0,1.6261829138795785
159,1.7782794100389228,1.0,1.3785726865337196
160,3.1622776601683795,1.0,1.1985506000839476
161,5.623413251903491,1.0,1.0715613412988143
162,10.0,1.0,0.9894206118556544
163,17.78279410038923,1.0,0.9515612401980246
164,31.622776601683796,1.0,0.9679033340063118
165,56.23413251903491,1.0,1.0674752615128882
166,100.0,1.0,1.328012298427461
167,177.82794100389228,1.0,1.9920674351223144
168,316.227766016838,1.0,4.051034142834332
169,562.341325190349,1.0,13.79852999738082
170,1000.0,1.0,128.70379749065796
171,0.0316227766016837,1.7782794100389228,6.567797016847456
172,0.0562341325190349,1.7782794100389228,5.100577085292278
173,0.1,1.7782794100389228,3.997921314649789
174,0.1778279410038923,1.7782794100389228,3.1759352739639253
175,0.3162277660168379,1.7782794100389228,2.5668879617741487
176,0.5623413251903491,1.7782794100389228,2.115827765006429
177,1.0,1.7782794100389228,1.779946218508981
178,1.7782794100389228,1.7782794100389228,1.5267856523717576
179,3.1622776601683795,1.7782794100389228,1.3332942737214322
180,5.623413251903491,1.7782794100389228,1.1838353247057558
181,10.0,1.7782794100389228,1.067476602100677
182,17.78279410038923,1.7782794100389228,0.97715238067705
183,31.622776601683796,1.7782794100389228,0.9089316933889002
184,56.23413251903491,1.7782794100389228,0.8614508623857982
185,100.0,1.7782794100389228,0.8366625337478985
186,177.82794100389228,1.7782794100389228,0.8418518438919409
187,316.227766016838,1.7782794100389228,0.894213517122171
188,562.341325190349,1.7782794100389228,1.0340060165443818
189,1000.0,1.7782794100389228,1.3714486491700262
190,0.0316227766016837,3.1622776601683795,6.884163253546293
191,0.0562341325190349,3.1622776601683795,5.45652298689407
192,0.1,3.1622776601683795,4.385705294387321
193,0.1778279410038923,3.1622776601683795,3.585069831843953
194,0.3162277660168379,3.1622776601683795,2.9857502406322776
195,0.5623413251903491,3.1622776601683795,2.5335440345216664
196,1.0,3.1622776601683795,2.18799573365004
197,1.7782794100389228,3.1622776601683795,1.9193881064000204
198,3.1622776601683795,3.1622776601683795,1.7054110051602498
199,5.623413251903491,3.1622776601683795,1.530130233065091
200,10.0,3.1622776601683795,1.383435460349184
201,17.78279410038923,3.1622776601683795,1.259159406541677
202,31.622776601683796,3.1622776601683795,1.1529070671235773
203,56.23413251903491,3.1622776601683795,1.0616562810868588
204,100.0,3.1622776601683795,0.984091721890738
205,177.82794100389228,3.1622776601683795,0.9199354526692785
206,316.227766016838,3.1622776601683795,0.8693629208501574
207,562.341325190349,3.1622776601683795,0.8335741665682199
208,1000.0,3.1622776601683795,0.8166109367967611
209,0.0316227766016837,5.623413251903491,7.65695649399384
210,0.0562341325190349,5.623413251903491,6.2747492589722444
211,0.1,5.623413251903491,5.227141173982892
212,0.1778279410038923,5.623413251903491,4.427455893263902
213,0.3162277660168379,5.623413251903491,3.809754083835277
214,0.5623413251903491,5.623413251903491,3.3233127778406883
215,1.0,5.623413251903491,2.931243094358428
216,1.7782794100389228,5.623413251903491,2.608714259033817
217,3.1622776601683795,5.623413251903491,2.339277519567562
218,5.623413251903491,5.623413251903491,2.111007778253426
219,10.0,5.623413251903491,1.9147505951650403
220,17.78279410038923,5.623413251903491,1.7435518366690883
221,31.622776601683796,5.623413251903491,1.5921718980373134
222,56.23413251903491,5.623413251903491,1.4569624072673504
223,100.0,5.623413251903491,1.3360859961665783
224,177.82794100389228,5.623413251903491,1.228472296913217
225,316.227766016838,5.623413251903491,1.1327819919016584
226,562.341325190349,5.623413251903491,1.0482675729383115
227,1000.0,5.623413251903491,0.975117595057838
228,0.0316227766016837,10.0,9.19709100518662
229,0.0562341325190349,10.0,7.822346298079312
230,0.1,10.0,6.748424587382598
231,0.1778279410038923,10.0,5.890480098775565
232,0.3162277660168379,10.0,5.192253422003911
233,0.5623413251903491,10.0,4.614701159349445
234,1.0,10.0,4.129005960584697
235,1.7782794100389228,10.0,3.7124993946266
236,3.1622776601683795,10.0,3.3490320078939693
237,5.623413251903491,10.0,3.028007689484487
238,10.0,10.0,2.7427614144876995
239,17.78279410038923,10.0,2.48921263799367
240,31.622776601683796,10.0,2.264101776311785
241,56.23413251903491,10.0,2.0638514644567456
242,100.0,10.0,1.8851029658605944
243,177.82794100389228,10.0,1.7248573503506102
244,316.227766016838,10.0,1.580332380703498
245,562.341325190349,10.0,1.4493991313993972
246,1000.0,10.0,1.331238672147272
247,0.0316227766016837,17.78279410038923,11.895569757808929
248,0.0562341325190349,17.78279410038923,10.394382361634676
249,0.1,17.78279410038923,9.188676487747296
250,0.1778279410038923,17.78279410038923,8.193487640120733
251,0.3162277660168379,17.78279410038923,7.348298030960768
252,0.5623413251903491,17.78279410038923,6.612775148952117
253,1.0,17.78279410038923,5.962603505256462
254,1.7782794100389228,17.78279410038923,5.384145405793916
255,3.1622776601683795,17.78279410038923,4.869498777371176
256,5.623413251903491,17.78279410038923,4.411439640593601
257,10.0,17.78279410038923,4.0016395650260375
258,17.78279410038923,17.78279410038923,3.632723569057334
259,31.622776601683796,17.78279410038923,3.29901044369486
260,56.23413251903491,17.78279410038923,2.996630731340877
261,100.0,17.78279410038923,2.723064660952879
262,177.82794100389228,17.78279410038923,2.476899301359949
263,316.227766016838,17.78279410038923,2.256435903452571
264,562.341325190349,17.78279410038923,2.059070340517268
265,1000.0,17.78279410038923,1.8821071717079616
266,0.0316227766016837,31.622776601683796,16.323337106522786
267,0.0562341325190349,31.622776601683796,14.53593479262435
268,0.1,31.622776601683796,13.00361280443534
269,0.1778279410038923,31.622776601683796,11.680999939798816
270,0.3162277660168379,31.622776601683796,10.534885290991074
271,0.5623413251903491,31.622776601683796,9.53096532116879
272,1.0,31.622776601683796,8.642485865074576
273,1.7782794100389228,31.622776601683796,7.849397228380609
274,3.1622776601683795,31.622776601683796,7.132374955371084
275,5.623413251903491,31.622776601683796,6.4769693049930055
276,10.0,31.622776601683796,5.876802206281334
277,17.78279410038923,31.622776601683796,5.330089672411548
278,31.622776601683796,31.622776601683796,4.835802600387332
279,56.23413251903491,31.622776601683796,4.390525881111556
280,100.0,31.622776601683796,3.988635426814096
281,177.82794100389228,31.622776601683796,3.62462497086468
282,316.227766016838,31.622776601683796,3.293955395844565
283,562.341325190349,31.622776601683796,2.993471036878496
284,1000.0,31.622776601683796,2.7210851881476072
285,0.0316227766016837,56.23413251903491,22.976156613907303
286,0.0562341325190349,56.23413251903491,20.72748042787122
287,0.1,56.23413251903491,18.731396643644157
288,0.1778279410038923,56.23413251903491,16.965998097513918
289,0.3162277660168379,56.23413251903491,15.378089911116266
290,0.5623413251903491,56.23413251903491,13.931141094817344
291,1.0,56.23413251903491,12.619160202735928
292,1.7782794100389228,56.23413251903491,11.441816951510912
293,3.1622776601683795,56.23413251903491,10.387384399377328
294,5.623413251903491,56.23413251903491,9.439171241337071
295,10.0,56.23413251903491,8.585160746229562
296,17.78279410038923,56.23413251903491,7.813867605332126
297,31.622776601683796,56.23413251903491,7.110359655309799
298,56.23413251903491,56.23413251903491,6.463191124822801
299,100.0,56.23413251903491,5.868123172840228
300,177.82794100389228,56.23413251903491,5.324641982074112
301,316.227766016838,56.23413251903491,4.832417625796687
302,562.341325190349,56.23413251903491,4.38842799827159
303,1000.0,56.23413251903491,3.987332069527816
304,0.0316227766016837,100.0,30.86374392943405
305,0.0562341325190349,100.0,28.863209189090966
306,0.1,100.0,26.70659416203116
307,0.1778279410038923,100.0,24.50089617507787
308,0.3162277660168379,100.0,22.34142301483942
309,0.5623413251903491,100.0,20.31665241915803
310,1.0,100.0,18.47522289746338
311,1.7782794100389228,100.0,16.80797278120777
312,3.1622776601683795,100.0,15.279204179472051
313,5.623413251903491,100.0,13.868302078175518
314,10.0,100.0,12.57966891954024
315,17.78279410038923,100.0,11.417552354174225
316,31.622776601683796,100.0,10.37250146852351
317,56.23413251903491,100.0,9.42992193677559
318,100.0,100.0,8.579393728368604
319,177.82794100389228,100.0,7.81030280587801
320,316.227766016838,100.0,7.108153929732296
321,562.341325190349,100.0,6.461811177690853
322,1000.0,100.0,5.867254228185947
323,133.3521432163324,1.0,1.5797788248003803
324,237.13737056616552,1.0,2.706762794754576
325,421.6965034285823,1.0,6.876529588619605
326,749.8942093324558,1.0,35.04759956517725
327,133.3521432163324,1.7782794100389228,0.834757954170189
328,237.13737056616552,1.7782794100389228,0.860422255591804
329,421.6965034285823,1.7782794100389228,0.948984602131338
330,749.8942093324558,1.7782794100389228,1.165168077591959
331,100.0,1.7782794100389228,0.8366625337478985
332,100.0,1.333521432163324,0.9159936319876576
333,100.0,2.371373705661655,0.8791441325274687
334,133.3521432163324,1.333521432163324,0.9658235676988444
335,133.3521432163324,2.371373705661655,0.8576269619591623
336,177.82794100389228,1.333521432163324,1.0449280472849445
337,177.82794100389228,2.371373705661655,0.8404473249124876
338,237.13737056616552,1.333521432163324,1.1676869377252816
339,237.13737056616552,2.371373705661655,0.8281462731451212
340,316.227766016838,1.333521432163324,1.3597956483287488
341,316.227766016838,2.371373705661655,0.8215514247492963
342,421.6965034285823,1.333521432163324,1.6701721565497154
343,421.6965034285823,2.371373705661655,0.8218600643098937
344,562.341325190349,1.333521432163324,2.19894618400013
345,562.341325190349,2.371373705661655,0.8308266209833248
346,749.8942093324558,1.333521432163324,3.170081280491006
347,749.8942093324558,2.371373705661655,0.8510546642149113
348,1000.0,1.333521432163324,5.146046949510491
349,133.3521432163324,3.1622776601683795,0.9503354158664016
350,133.3521432163324,5.623413251903491,1.2807041871700409
351,133.3521432163324,10.0,1.802847278103252
352,133.3521432163324,17.78279410038923,2.5966365867809587
353,133.3521432163324,31.622776601683796,3.80221142125996
354,133.3521432163324,56.23413251903491,5.589925297976273
355,133.3521432163324,100.0,8.185537529404169
356,237.13737056616552,3.1622776601683795,0.8929197243534557
357,237.13737056616552,5.623413251903491,1.1792090415860297
358,237.13737056616552,10.0,1.6507892155813235
359,237.13737056616552,17.78279410038923,2.363605848484392
360,237.13737056616552,31.622776601683796,3.455347628799622
361,237.13737056616552,56.23413251903491,5.072224556436495
362,237.13737056616552,100.0,7.451733978156642
363,421.6965034285823,3.1622776601683795,0.849454574836219
364,421.6965034285823,5.623413251903491,1.0891323183120218
365,421.6965034285823,10.0,1.5132475038685107
366,421.6965034285823,17.78279410038923,2.1550391809826266
367,421.6965034285823,31.622776601683796,3.1400967720573565
368,421.6965034285823,56.23413251903491,4.604709945430155
369,421.6965034285823,100.0,6.778398037164223
370,749.8942093324558,3.1622776601683795,0.8223342580367512
371,749.8942093324558,5.623413251903491,1.0102389429652503
372,749.8942093324558,10.0,1.3887392700847108
373,749.8942093324558,17.78279410038923,1.9681995950225215
374,749.8942093324558,31.622776601683796,2.8538490953426683
375,749.8942093324558,56.23413251903491,4.18286308623677
376,749.8942093324558,100.0,6.158118087351266
