,r0,b,MFPT
0,0.0316227766016837,0.01,6.48689162545531
1,0.0562341325190349,0.01,5.00860276768594
2,0.1,0.01,3.8996604720050616
3,0.1778279410038923,0.01,3.079509039863906
4,0.3162277660168379,0.01,2.484581746590288
5,0.5623413251903491,0.01,2.06586148400181
6,1.0,0.01,1.789936140765218
7,1.7782794100389228,0.01,1.641655451776023
8,3.1622776601683795,0.01,1.6318435506043905
9,5.623413251903491,0.01,1.8219142383147933
10,10.0,0.01,2.4065003716346003
11,17.78279410038923,0.01,4.035063119142731
12,31.622776601683796,0.01,9.551602733405616
13,56.23413251903491,0.01,38.16848972775451
14,100.0,0.01,338.439991941812
15,177.82794100389228,0.01,11197.039048341014
16,316.227766016838,0.01,5902683.706175613
17,562.341325190349,0.01,11393563199222.652
18,1000.0,0.01,
19,0.0316227766016837,0.0177827941003892,6.486820844950943
20,0.0562341325190349,0.0177827941003892,5.008506593816117
21,0.1,0.0177827941003892,3.8995288027219575
22,0.1778279410038923,0.0177827941003892,3.0793265320789662
23,0.3162277660168379,0.0177827941003892,2.4843242737722644
24,0.5623413251903491,0.0177827941003892,2.065489275512301
25,1.0,0.0177827941003892,1.7893796470314554
26,1.7782794100389228,0.0177827941003892,1.6407829662183435
27,3.1622776601683795,0.0177827941003892,1.630378697795099
28,5.623413251903491,0.0177827941003892,1.8191936668382047
29,10.0,0.0177827941003892,2.400628080595228
30,17.78279410038923,0.0177827941003892,4.01924054908072
31,31.622776601683796,0.0177827941003892,9.49156160877837
32,56.23413251903491,0.0177827941003892,37.7718014979675
33,100.0,0.0177827941003892,332.52362624120474
34,177.82794100389228,0.0177827941003892,10914.64342291151
35,316.227766016838,0.0177827941003892,5795437.73196163
36,562.341325190349,0.0177827941003892,11314845553714.836
37,1000.0,0.0177827941003892,
38,0.0316227766016837,0.0316227766016837,6.486641330551891
39,0.0562341325190349,0.0316227766016837,5.008262466423178
40,0.1,0.0316227766016837,3.8991943417511887
41,0.1778279410038923,0.0316227766016837,3.0788623513358244
42,0.3162277660168379,0.0316227766016837,2.4836676844003587
43,0.5623413251903491,0.0316227766016837,2.064536198102348
44,1.0,0.0316227766016837,1.7879474047757606
45,1.7782794100389228,0.0316227766016837,1.6385248837128807
46,3.1622776601683795,0.0316227766016837,1.6265667869738136
47,5.623413251903491,0.0316227766016837,1.812086320772949
48,10.0,0.0316227766016837,2.385294412524454
49,17.78279410038923,0.0316227766016837,3.978233407429167
50,31.622776601683796,0.0316227766016837,9.33873780422259
51,56.23413251903491,0.0316227766016837,36.80974962903658
52,100.0,0.0316227766016837,319.433053335543
53,177.82794100389228,0.0316227766016837,10305.202374332695
54,316.227766016838,0.0316227766016837,5442265.702472517
55,562.341325190349,0.0316227766016837,10394871585690.75
56,1000.0,0.0316227766016837,
57,0.0316227766016837,0.0562341325190349,6.48617349836972
58,0.0562341325190349,0.0562341325190349,5.007626311129329
59,0.1,0.0562341325190349,3.8983232550222526
60,0.1778279410038923,0.0562341325190349,3.0776545448258528
61,0.3162277660168379,0.0562341325190349,2.481960953869192
62,0.5623413251903491,0.0562341325190349,2.0620608716271067
63,1.0,0.0562341325190349,1.784230664609734
64,1.7782794100389228,0.0562341325190349,1.6326734626286088
65,3.1622776601683795,0.0562341325190349,1.616720108489697
66,5.623413251903491,0.0562341325190349,1.7938487152985112
67,10.0,0.0562341325190349,2.3464229054407406
68,17.78279410038923,0.0562341325190349,3.876139450746164
69,31.622776601683796,0.0562341325190349,8.966649013497346
70,56.23413251903491,0.0562341325190349,34.53633820565044
71,100.0,0.0562341325190349,289.6248435050637
72,177.82794100389228,0.0562341325190349,8895.881192400338
73,316.227766016838,0.0562341325190349,4347203.453636953
74,562.341325190349,0.0562341325190349,6586788006612.167
75,1000.0,0.0562341325190349,
76,0.0316227766016837,0.1,6.484995917157448
77,0.0562341325190349,0.1,5.006026722350278
78,0.1,0.1,3.89613634189287
79,0.1778279410038923,0.1,3.0746298441122217
80,0.3162277660168379,0.1,2.477702524485759
81,0.5623413251903491,0.1,2.055914176494595
82,1.0,0.1,1.775057417850336
83,1.7782794100389228,0.1,1.618350328323259
84,3.1622776601683795,0.1,1.5928973967452644
85,5.623413251903491,0.1,1.7504624184694113
86,10.0,0.1,2.25614495148754
87,17.78279410038923,0.1,3.646548833774391
88,31.622776601683796,0.1,8.162525433748787
89,56.23413251903491,0.1,29.85042771971347
90,100.0,0.1,231.23437289053496
91,177.82794100389228,0.1,6267.363057554505
92,316.227766016838,0.1,2374533.6227880777
93,562.341325190349,0.1,1662364204748.1338
94,1000.0,0.1,
95,0.0316227766016837,0.1778279410038923,6.482388552745997
96,0.0562341325190349,0.1778279410038923,5.002492302350674
97,0.1,0.1778279410038923,3.891312332132487
98,0.1778279410038923,0.1778279410038923,3.0679738616668133
99,0.3162277660168379,0.1778279410038923,2.468369687161461
100,0.5623413251903491,0.1778279410038923,2.0425234499135634
101,1.0,0.1778279410038923,1.7552428382109029
102,1.7782794100389228,0.1778279410038923,1.587786979200144
103,3.1622776601683795,0.1778279410038923,1.5429094661135383
104,5.623413251903491,0.1778279410038923,1.661432998750768
105,10.0,0.1778279410038923,2.076444660891484
106,17.78279410038923,0.1778279410038923,3.208631320313825
107,31.622776601683796,0.1778279410038923,6.720105215391882
108,56.23413251903491,0.1778279410038923,22.165668843851115
109,100.0,0.1778279410038923,146.52135051208757
110,177.82794100389228,0.1778279410038923,3071.149092149177
111,316.227766016838,0.1778279410038923,680047.4503064643
112,562.341325190349,0.1778279410038923,96310325277.28746
113,1000.0,0.1778279410038923,
114,0.0316227766016837,0.3162277660168379,6.478461827205701
115,0.0562341325190349,0.3162277660168379,4.997153926927137
116,0.1,0.3162277660168379,3.883961049790189
117,0.1778279410038923,0.3162277660168379,3.05771023068685
118,0.3162277660168379,0.3162277660168379,2.4538064043178704
119,0.5623413251903491,0.3162277660168379,2.021418184615717
120,1.0,0.3162277660168379,1.7238282600329615
121,1.7782794100389228,0.3162277660168379,1.5393579596381386
122,3.1622776601683795,0.3162277660168379,1.4643728335619803
123,5.623413251903491,0.3162277660168379,1.5239828910113102
124,10.0,0.3162277660168379,1.807367526810064
125,17.78279410038923,0.3162277660168379,2.5858226109093807
126,31.622776601683796,0.3162277660168379,4.837360370432666
127,56.23413251903491,0.3162277660168379,13.435970297999068
128,100.0,0.3162277660168379,68.25766552103855
129,177.82794100389228,0.3162277660168379,930.9403287365128
130,316.227766016838,0.3162277660168379,86012.68236312039
131,562.341325190349,0.3162277660168379,988858190.194302
132,1000.0,0.3162277660168379,
133,0.0316227766016837,0.5623413251903491,6.479506289643885
134,0.0562341325190349,0.5623413251903491,4.99785510240579
135,0.1,0.5623413251903491,3.8836078710518898
136,0.1778279410038923,0.5623413251903491,3.055136554067567
137,0.3162277660168379,0.5623413251903491,2.4471760667596403
138,0.5623413251903491,0.5623413251903491,2.007840634734513
139,1.0,0.5623413251903491,1.6986946418557909
140,1.7782794100389228,0.5623413251903491,1.4949493841194603
141,3.1622776601683795,0.5623413251903491,1.3865506834632069
142,5.623413251903491,0.5623413251903491,1.3831966862222975
143,10.0,0.5623413251903491,1.5334176979355325
144,17.78279410038923,0.5623413251903491,1.9820709314972709
145,31.622776601683796,0.5623413251903491,3.193910653163127
146,56.23413251903491,0.5623413251903491,7.091424513400394
147,100.0,0.5623413251903491,25.533653291461796
148,177.82794100389228,0.5623413251903491,198.72059152325627
149,316.227766016838,0.5623413251903491,6230.761348505125
150,562.341325190349,0.5623413251903491,4316639.22753515
151,1000.0,0.5623413251903491,
152,0.0316227766016837,1.0,6.509340741478415
153,0.0562341325190349,1.0,5.031938726998726
154,0.1,1.0,3.9204592125064592
155,0.1778279410038923,1.0,3.0923651962808583
156,0.3162277660168379,1.0,2.48151920351834
157,0.5623413251903491,1.0,2.035150359108256
158,1.0,1.0,1.7136510855217382
159,1.7782794100389228,1.0,1.4900560799732168
160,3.1622776601683795,1.0,1.349998851501284
161,5.623413251903491,1.0,1.2925927617812036
162,10.0,1.0,1.3390582650473466
163,17.78279410038923,1.0,1.5579776701706418
164,31.622776601683796,1.0,2.147489537718055
165,56.23413251903491,1.0,3.7833411994294446
166,100.0,1.0,9.576879210890729
167,177.82794100389228,1.0,42.42146867540257
168,316.227766016838,1.0,480.4005168656869
169,562.341325190349,1.0,33930.87645231447
170,1000.0,1.0,
171,0.0316227766016837,1.7782794100389228,6.62113893843276
172,0.0562341325190349,1.7782794100389228,5.152987380416078
173,0.1,1.7782794100389228,4.045429042470757
174,0.1778279410038923,1.7782794100389228,3.2149294863719446
175,0.3162277660168379,1.7782794100389228,2.595371798003564
176,0.5623413251903491,1.7782794100389228,2.13466298759859
177,1.0,1.7782794100389228,1.7938500342449188
178,1.7782794100389228,1.7782794100389228,1.5454634369249605
179,3.1622776601683795,1.7782794100389228,1.3730005420716842
180,5.623413251903491,1.7782794100389228,1.270017571067353
181,10.0,1.7782794100389228,1.2424297876224708
182,17.78279410038923,1.7782794100389228,1.3197243391657196
183,31.622776601683796,1.7782794100389228,1.585005044196129
184,56.23413251903491,1.7782794100389228,2.279132544075693
185,100.0,1.7782794100389228,4.261626405914829
186,177.82794100389228,1.7782794100389228,11.798286474995132
187,316.227766016838,1.7782794100389228,60.64493165839504
188,562.341325190349,1.7782794100389228,914.1794148126604
189,1000.0,1.7782794100389228,
190,0.0316227766016837,3.1622776601683795,6.894839463933886
191,0.0562341325190349,3.1622776601683795,5.428720040311654
192,0.1,3.1622776601683795,4.311562224481152
193,0.1778279410038923,3.1622776601683795,3.4611872591169397
194,0.3162277660168379,3.1622776601683795,2.814401517756078
195,0.5623413251903491,3.1622776601683795,2.322273316511176
196,1.0,3.1622776601683795,1.9482578399895245
197,1.7782794100389228,3.1622776601683795,1.6656741367340588
198,3.1622776601683795,3.1622776601683795,1.4564782279808304
199,5.623413251903491,3.1622776601683795,1.3111517091491502
200,10.0,3.1622776601683795,1.227874976077315
201,17.78279410038923,3.1622776601683795,1.2166926918929677
202,31.622776601683796,3.1622776601683795,1.312048914693385
203,56.23413251903491,3.1622776601683795,1.6064846168245843
204,100.0,3.1622776601683795,2.3707458489683138
205,177.82794100389228,3.1622776601683795,4.600248781242793
206,316.227766016838,3.1622776601683795,13.480881814887717
207,562.341325190349,3.1622776601683795,76.42040700718914
208,1000.0,3.1622776601683795,
209,0.0316227766016837,5.623413251903491,7.410410848501618
210,0.0562341325190349,5.623413251903491,5.914658498243563
211,0.1,5.623413251903491,4.754519177684784
212,0.1778279410038923,5.623413251903491,3.852605219003594
213,0.3162277660168379,5.623413251903491,3.1510062498574154
214,0.5623413251903491,5.623413251903491,2.604956204631498
215,1.0,5.623413251903491,2.180238965206952
216,1.7782794100389228,5.623413251903491,1.851193454536047
217,3.1622776601683795,5.623413251903491,1.598483608357246
218,5.623413251903491,5.623413251903491,1.4094929669815293
219,10.0,5.623413251903491,1.2782958583078163
220,17.78279410038923,5.623413251903491,1.205457102752093
221,31.622776601683796,5.623413251903491,1.203278522016385
222,56.23413251903491,5.623413251903491,1.309024854947772
223,100.0,5.623413251903491,1.621010698067688
224,177.82794100389228,5.623413251903491,2.4291381092757685
225,316.227766016838,5.623413251903491,4.8189127324151935
226,562.341325190349,5.623413251903491,14.61621884688123
227,1000.0,5.623413251903491,88.0246557821623
228,0.0316227766016837,10.0,8.22211956637091
229,0.0562341325190349,10.0,6.642324951271391
230,0.1,10.0,5.393141031576042
231,0.1778279410038923,10.0,4.40151695675852
232,0.3162277660168379,10.0,3.61433267865934
233,0.5623413251903491,10.0,2.9900653654833924
234,1.0,10.0,2.495721978356205
235,1.7782794100389228,10.0,2.10562669553123
236,3.1622776601683795,10.0,1.799763735069123
237,5.623413251903491,10.0,1.5625556421798938
238,10.0,10.0,1.3841894158400518
239,17.78279410038923,10.0,1.2605059612044296
240,31.622776601683796,10.0,1.193305587278705
241,56.23413251903491,10.0,1.1961116814875488
242,100.0,10.0,1.3077824706384964
243,177.82794100389228,10.0,1.6300443212946
244,316.227766016838,10.0,2.4644309666963085
245,562.341325190349,10.0,4.952226698640522
246,1000.0,10.0,15.327362107607026
247,0.0316227766016837,17.78279410038923,9.36309053487748
248,0.0562341325190349,17.78279410038923,7.630941139310359
249,0.1,17.78279410038923,6.242156248249444
250,0.1778279410038923,17.78279410038923,5.121387315803291
251,0.3162277660168379,17.78279410038923,4.217048497951968
252,0.5623413251903491,17.78279410038923,3.489100783853205
253,1.0,17.78279410038923,2.904826197589971
254,1.7782794100389228,17.78279410038923,2.437394324001218
255,3.1622776601683795,17.78279410038923,2.065496530796993
256,5.623413251903491,17.78279410038923,1.771904620367981
257,10.0,17.78279410038923,1.5429684082056054
258,17.78279410038923,17.78279410038923,1.3703292901988429
259,31.622776601683796,17.78279410038923,1.2507277379356174
260,56.23413251903491,17.78279410038923,1.1866228748313865
261,100.0,17.78279410038923,1.192207067269771
262,177.82794100389228,17.78279410038923,1.3072374105072462
263,316.227766016838,17.78279410038923,1.635415071322439
264,562.341325190349,17.78279410038923,2.485110685935946
265,1000.0,17.78279410038923,5.03076062842962
266,0.0316227766016837,31.622776601683796,10.868768117651246
267,0.0562341325190349,31.622776601683796,8.905485876131138
268,0.1,31.622776601683796,7.321397395901265
269,0.1778279410038923,31.622776601683796,6.031027779981727
270,0.3162277660168379,31.622776601683796,4.977039365154159
271,0.5623413251903491,31.622776601683796,4.118406972529668
272,1.0,31.622776601683796,3.4216885772782595
273,1.7782794100389228,31.622776601683796,2.858642112570184
274,3.1622776601683795,31.622776601683796,2.405607037405335
275,5.623413251903491,31.622776601683796,2.0435209010898028
276,10.0,31.622776601683796,1.7565790563470602
277,17.78279410038923,31.622776601683796,1.5321513635235136
278,31.622776601683796,31.622776601683796,1.3626535113578495
279,56.23413251903491,31.622776601683796,1.245301509707571
280,100.0,31.622776601683796,1.18291351010863
281,177.82794100389228,31.622776601683796,1.190052138724107
282,316.227766016838,31.622776601683796,1.3069810025555495
283,562.341325190349,31.622776601683796,1.6385303935276665
284,1000.0,31.622776601683796,2.4970138813446865
285,0.0316227766016837,56.23413251903491,12.78881467723058
286,0.0562341325190349,56.23413251903491,10.509517554461969
287,0.1,56.23413251903491,8.662301347312232
288,0.1778279410038923,56.23413251903491,7.155555088211557
289,0.3162277660168379,56.23413251903491,5.91709514056449
290,0.5623413251903491,56.23413251903491,4.898700740098658
291,1.0,56.23413251903491,4.064600183997035
292,1.7782794100389228,56.23413251903491,3.3847498317253253
293,3.1622776601683795,56.23413251903491,2.8332293494854577
294,5.623413251903491,56.23413251903491,2.388054183344643
295,10.0,56.23413251903491,2.03135094814722
296,17.78279410038923,56.23413251903491,1.748068905029796
297,31.622776601683796,56.23413251903491,1.5261312458774263
298,56.23413251903491,56.23413251903491,1.3583747105058712
299,100.0,56.23413251903491,1.2422731818243156
300,177.82794100389228,56.23413251903491,1.1808431041272844
301,316.227766016838,56.23413251903491,1.188853419074394
302,562.341325190349,56.23413251903491,1.3068529290364748
303,1000.0,56.23413251903491,1.6403129271937942
304,0.0316227766016837,100.0,15.18483157928584
305,0.0562341325190349,100.0,12.5035859671061
306,0.1,100.0,10.315594646208536
307,0.1778279410038923,100.0,8.530259971737774
308,0.3162277660168379,100.0,7.064977990861291
309,0.5623413251903491,100.0,5.854575685645756
310,1.0,100.0,4.855555785360063
311,1.7782794100389228,100.0,4.034871741237001
312,3.1622776601683795,100.0,3.364285240282096
313,5.623413251903491,100.0,2.819115362172408
314,10.0,100.0,2.378285523516653
315,17.78279410038923,100.0,2.0245667090123023
316,31.622776601683796,100.0,1.743317459673437
317,56.23413251903491,100.0,1.522765751523343
318,100.0,100.0,1.355980479127644
319,177.82794100389228,100.0,1.240577543561597
320,316.227766016838,100.0,1.1796837635928483
321,562.341325190349,100.0,1.1881834996186216
322,1000.0,100.0,1.3067860522938912
