2.418829099042341113e-04
2.418994845356792212e-04
2.419265219941735268e-04
2.419540105620399117e-04
2.419845113763585687e-04
2.420180098852142692e-04
2.420478413114324212e-04
2.420797245576977730e-04
2.421118115307763219e-04
2.421440585749223828e-04
2.421791577944532037e-04
2.422149409539997578e-04
2.422442339593544602e-04
2.422761172056198120e-04
2.423063124297186732e-04
2.423401165287941694e-04
2.423766709398478270e-04
2.424186823191121221e-04
2.424692793283611536e-04
2.425261773169040680e-04
2.425851271254941821e-04
2.426448918413370848e-04
2.427089639240875840e-04
2.427766448818147182e-04
2.428506559226661921e-04
2.429150481475517154e-04
2.429829764878377318e-04
2.430589665891602635e-04
2.431419998174533248e-04
2.432277397019788623e-04
2.433169720461592078e-04
2.434138732496649027e-04
2.435120259178802371e-04
2.436140348436310887e-04
2.437191287754103541e-04
2.438294177409261465e-04
2.439379750285297632e-04
2.440468670101836324e-04
2.441570104565471411e-04
2.442681288812309504e-04
2.443810517434030771e-04
2.444990968797355890e-04
2.446234575472772121e-04
2.447405131533741951e-04
2.448567247483879328e-04
2.449690364301204681e-04
2.450819592922925949e-04
2.451977634336799383e-04
2.453126944601535797e-04
2.454248606227338314e-04
2.455332432873547077e-04
2.456473885104060173e-04
2.457544615026563406e-04
2.458629314787685871e-04
2.459720417391508818e-04
2.460792602505534887e-04
2.461858675815165043e-04
2.462887496221810579e-04
2.463914861436933279e-04
2.464912249706685543e-04
2.465910802129656076e-04
2.466912847012281418e-04
2.467875601723790169e-04
2.468823513481765985e-04
2.469741157256066799e-04
2.470624167472124100e-04
2.471448387950658798e-04
2.472276391927152872e-04
2.472974010743200779e-04
2.473630884196609259e-04
2.474223438184708357e-04
2.474719949532300234e-04
2.475131477694958448e-04
2.475494984537363052e-04
2.475872752256691456e-04
2.476102381478995085e-04
2.476343361195176840e-04
2.476469671819359064e-04
2.476639638189226389e-04
2.476738882251083851e-04
2.476862864568829536e-04
2.476900408510118723e-04
2.476949593983590603e-04
2.476832596585154533e-04
2.477183297742158175e-04
2.477727539371699095e-04
2.478261594660580158e-04
2.478681853972375393e-04
2.478948154021054506e-04
2.479067770764231682e-04
2.479279646649956703e-04
2.479416725691407919e-04
2.479549439158290625e-04
2.479593968018889427e-04
2.479590766597539186e-04
2.479590766597539186e-04
2.479538670741021633e-04
2.479435352142900229e-04
2.479460381437093019e-04
2.479375107213854790e-04