4.147743311477825046e-05
4.147743675275705755e-05
4.147743311477825046e-05
4.147743311477825046e-05
4.147743675275705755e-05
4.147744039073586464e-05
4.147763320361264050e-05
4.148671359871514142e-05
4.153790723648853600e-05
4.164337588008493185e-05
4.180891119176521897e-05
4.204004289931617677e-05
4.230470585753209889e-05
4.263959635864011943e-05
4.299925421946682036e-05
4.340927989687770605e-05
4.395182986627332866e-05
4.463357254280708730e-05
4.552027530735358596e-05
4.676841490436345339e-05
4.824739880859851837e-05
5.000539385946467519e-05
5.201992462389171124e-05
5.437352956505492330e-05
5.728866744902916253e-05
6.005230534356087446e-05
6.337709783110767603e-05
6.730747554684057832e-05
7.210539479274302721e-05
7.754690159345045686e-05
8.365779649466276169e-05
9.068150393432006240e-05
9.840403799898922443e-05
1.070987782441079617e-04
1.165910070994868875e-04
1.276743569178506732e-04
1.396903098793700337e-04
1.532259339001029730e-04
1.682202855590730906e-04
1.847581006586551666e-04
2.028003364102914929e-04
2.231878024758771062e-04
2.476125082466751337e-04
2.729130210354924202e-04
3.004042664542794228e-04
3.294532361906021833e-04
3.617992915678769350e-04
3.980185720138251781e-04
4.370677925180643797e-04
4.786912759300321341e-04
5.226787179708480835e-04
5.737433093599975109e-04
6.255874759517610073e-04
6.825371528975665569e-04
7.465761154890060425e-04
8.141275611706078053e-04
8.879628148861229420e-04
9.659471688792109489e-04
1.049877842888236046e-03
1.139475498348474503e-03
1.236023963429033756e-03
1.339387265034019947e-03
1.447319285944104195e-03
1.562812365591526031e-03
1.683211303316056728e-03
1.808063476346433163e-03
1.934295287355780602e-03
2.066896529868245125e-03
2.189307240769267082e-03
2.312833443284034729e-03
2.433464629575610161e-03
2.546032192185521126e-03
2.649589674547314644e-03
2.749752486124634743e-03
2.860734472051262856e-03
2.952379640191793442e-03
3.049811115488409996e-03
3.129943972453474998e-03
3.228828776627779007e-03
3.315216861665248871e-03
3.422887763008475304e-03
3.525384934619069099e-03
3.631471190601587296e-03
3.715515835210680962e-03
3.899585222825407982e-03
4.154214635491371155e-03
4.422985948622226715e-03
4.660585895180702209e-03
4.880417138338088989e-03
5.054284352809190750e-03
5.259966943413019180e-03
5.467079114168882370e-03
5.671860650181770325e-03
5.861721001565456390e-03
6.047415547072887421e-03
6.213617976754903793e-03
6.353303790092468262e-03
6.500006187707185745e-03
6.715743336826562881e-03
6.871620193123817444e-03